6198
11 0 0
10 0 20
46 0 40
21 0 60
94 0 80
85 0 100
39 0 120
32 0 140
77 0 160
77 0 163
27 0 180
91 0 200
4 0 220
74 0 240
20 0 260
55 0 280
81 0 300
50 0 320
65 0 340
47 0 360
69 0 380
56 0 400
64 0 420
34 0 440
88 0 460
3 0 480
97 0 500
59 0 520
40 0 540
48 0 560
54 0 580
67 0 600
67 0 612
96 0 620
22 0 640
30 0 660
29 0 680
75 0 700
80 0 720
86 0 740
99 0 760
99 0 766
99 0 772
99 2 760
8 0 780
92 0 800
73 0 820
23 0 840
58 0 860
43 0 880
35 0 900
61 0 920
28 0 940
28 0 949
28 0 958
28 5 949
28 5 958
28 6 947
28 10 958
83 0 960
26 0 980
84 20 0
33 20 20
57 20 40
37 20 60
63 20 80
49 20 100
52 20 120
98 20 140
25 20 160
82 20 180
82 20 182
71 20 200
15 20 220
31 20 240
17 20 260
17 20 265
17 20 270
17 20 275
17 21 260
17 21 265
17 21 270
17 21 275
17 22 276
17 22 277
17 22 278
17 22 279
17 24 272
17 24 273
17 24 274
17 24 275
17 26 268
17 26 269
17 26 270
17 26 271
17 28 264
17 28 265
17 28 266
17 28 267
17 30 260
17 30 261
17 30 262
17 30 263
17 31 276
17 31 277
17 31 278
17 31 279
17 33 272
17 33 273
17 33 274
17 33 275
17 35 268
17 35 269
17 35 270
17 35 271
17 37 264
17 37 265
17 37 266
17 37 267
17 39 260
87 20 280
87 20 284
87 20 288
87 20 292
87 20 296
87 24 280
87 24 288
87 24 296
87 26 286
87 26 294
87 28 280
87 28 296
87 30 286
87 30 294
87 32 282
87 32 296
87 34 286
87 34 294
79 20 300
79 20 315
89 20 320
45 20 340
72 20 360
95 20 380
66 20 400
14 20 420
53 20 440
18 20 460
44 20 480
44 22 480
36 20 500
41 20 520
70 20 540
38 20 560
7 20 580
42 20 600
5 20 620
60 20 640
68 20 660
9 20 680
76 20 700
12 20 720
90 20 740
24 20 760
24 24 760
13 20 780
19 20 800
16 20 820
6 20 840
2 20 860
51 20 880
1 20 900
78 20 920
62 20 940
93 20 960
0 20 980
11 40 0
10 40 20
46 40 40
21 40 60
94 40 80
85 40 100
39 40 120
32 40 140
77 40 160
27 40 180
91 40 200
91 40 214
4 40 220
74 40 240
20 40 260
55 40 280
81 40 300
50 40 320
65 40 340
47 40 360
47 40 367
47 40 374
69 40 380
56 40 400
64 40 420
34 40 440
88 40 460
3 40 480
97 40 500
59 40 520
40 40 540
40 40 549
40 40 558
40 41 540
40 41 549
40 41 558
40 42 540
48 40 560
54 40 580
67 40 600
96 40 620
22 40 640
30 40 660
29 40 680
75 40 700
80 40 720
86 40 740
99 40 760
8 40 780
8 40 782
92 40 800
73 40 820
23 40 840
58 40 860
58 40 868
58 40 876
58 42 872
58 44 864
58 44 876
58 46 868
58 48 860
58 48 872
58 50 864
58 50 876
58 52 868
58 54 860
58 54 872
58 56 864
58 56 876
43 40 880
43 40 886
43 40 892
43 42 880
43 42 886
43 44 880
43 44 886
43 46 882
43 46 888
43 48 882
43 48 888
43 50 882
43 50 888
43 52 882
43 52 888
43 54 882
43 54 888
43 56 882
43 56 888
35 40 900
35 40 915
61 40 920
28 40 940
83 40 960
26 40 980
84 60 0
33 60 20
57 60 40
37 60 60
63 60 80
63 65 80
49 60 100
52 60 120
98 60 140
25 60 160
82 60 180
71 60 200
15 60 220
31 60 240
17 60 260
87 60 280
79 60 300
89 60 320
45 60 340
72 60 360
72 65 360
95 60 380
66 60 400
14 60 420
53 60 440
18 60 460
44 60 480
36 60 500
41 60 520
70 60 540
38 60 560
7 60 580
42 60 600
5 60 620
60 60 640
68 60 660
9 60 680
76 60 700
12 60 720
90 60 740
24 60 760
13 60 780
19 60 800
19 60 812
16 60 820
6 60 840
2 60 860
51 60 880
1 60 900
78 60 920
62 60 940
93 60 960
93 60 968
93 65 960
93 65 968
0 60 980
11 80 0
10 80 20
46 80 40
21 80 60
94 80 80
85 80 100
39 80 120
32 80 140
32 80 151
32 80 155
32 82 140
32 84 140
32 86 147
32 88 154
77 80 160
27 80 180
91 80 200
4 80 220
74 80 240
20 80 260
55 80 280
81 80 300
50 80 320
65 80 340
47 80 360
69 80 380
69 80 382
56 80 400
64 80 420
34 80 440
88 80 460
88 80 466
88 80 472
88 80 478
88 82 468
88 82 470
88 84 464
88 84 466
88 86 460
88 86 462
88 86 476
88 86 478
88 88 472
88 88 474
88 90 468
88 90 470
88 92 464
88 92 466
88 94 460
88 94 462
88 94 476
88 94 478
88 96 472
88 96 474
3 80 480
3 80 484
3 80 488
3 80 492
3 80 496
3 81 480
3 81 488
3 81 496
3 82 488
3 83 488
3 86 482
3 86 490
3 86 498
3 87 484
3 87 492
3 88 480
3 88 492
3 89 480
3 90 480
3 91 480
3 92 486
3 93 482
3 93 490
3 94 482
3 94 490
3 95 482
97 80 500
97 80 515
59 80 520
40 80 540
48 80 560
54 80 580
67 80 600
96 80 620
22 80 640
30 80 660
29 80 680
29 83 680
75 80 700
80 80 720
86 80 740
99 80 760
8 80 780
92 80 800
73 80 820
23 80 840
58 80 860
43 80 880
35 80 900
61 80 920
28 80 940
83 80 960
83 80 965
26 80 980
84 100 0
33 100 20
57 100 40
37 100 60
63 100 80
49 100 100
52 100 120
98 100 140
25 100 160
82 100 180
71 100 200
15 100 220
31 100 240
17 100 260
87 100 280
79 100 300
89 100 320
45 100 340
72 100 360
95 100 380
66 100 400
66 100 414
14 100 420
53 100 440
18 100 460
44 100 480
36 100 500
41 100 520
70 100 540
38 100 560
38 100 564
38 100 568
38 100 572
38 100 576
38 103 560
7 100 580
42 100 600
5 100 620
60 100 640
68 100 660
9 100 680
76 100 700
12 100 720
90 100 740
90 100 748
90 100 756
90 100 757
90 100 758
90 100 759
90 105 756
24 100 760
13 100 780
19 100 800
16 100 820
6 100 840
2 100 860
51 100 880
1 100 900
78 100 920
62 100 940
93 100 960
0 100 980
0 100 983
11 120 0
10 120 20
46 120 40
21 120 60
21 120 68
21 120 76
21 122 72
21 124 64
21 124 76
21 126 68
21 128 60
21 128 72
21 130 64
21 130 76
21 132 68
21 134 60
21 134 72
21 136 64
21 136 76
94 120 80
94 120 85
94 120 90
94 120 95
94 122 80
94 122 90
94 124 80
94 126 80
94 126 87
94 126 97
94 128 85
94 128 94
94 130 85
94 130 94
94 132 84
94 132 94
94 134 84
94 134 94
94 136 84
85 120 100
85 120 112
39 120 120
32 120 140
77 120 160
27 120 180
91 120 200
4 120 220
74 120 240
20 120 260
55 120 280
55 120 296
81 120 300
50 120 320
65 120 340
47 120 360
69 120 380
56 120 400
64 120 420
34 120 440
88 120 460
3 120 480
97 120 500
59 120 520
40 120 540
48 120 560
48 124 560
54 120 580
67 120 600
96 120 620
22 120 640
30 120 660
29 120 680
75 120 700
80 120 720
86 120 740
99 120 760
8 120 780
92 120 800
73 120 820
23 120 840
58 120 860
43 120 880
35 120 900
61 120 920
28 120 940
83 120 960
26 120 980
84 140 0
84 140 15
33 140 20
57 140 40
37 140 60
63 140 80
49 140 100
52 140 120
98 140 140
25 140 160
25 140 165
25 140 170
25 140 175
25 143 160
82 140 180
71 140 200
15 140 220
31 140 240
17 140 260
87 140 280
79 140 300
89 140 320
45 140 340
45 140 350
45 142 340
45 142 350
45 144 340
45 144 350
45 146 354
72 140 360
95 140 380
66 140 400
14 140 420
53 140 440
18 140 460
44 140 480
36 140 500
41 140 520
70 140 540
38 140 560
7 140 580
7 141 580
42 140 600
5 140 620
60 140 640
68 140 660
68 140 667
68 140 674
68 140 677
68 142 668
68 142 675
68 144 664
68 144 671
68 146 660
68 146 667
68 146 674
68 146 677
68 148 668
68 148 675
68 150 664
68 150 671
68 152 660
68 152 667
68 152 674
68 152 677
68 154 668
68 154 675
68 156 664
68 156 671
68 158 660
68 158 667
68 158 674
9 140 680
9 140 685
9 140 690
9 140 695
9 142 680
9 142 690
9 144 680
9 146 680
9 146 687
9 146 697
9 148 685
9 148 694
9 150 685
9 150 694
9 152 684
9 152 694
9 154 684
9 154 694
9 156 684
76 140 700
76 140 715
12 140 720
90 140 740
24 140 760
13 140 780
19 140 800
16 140 820
6 140 840
2 140 860
51 140 880
51 140 897
1 140 900
78 140 920
62 140 940
93 140 960
0 140 980
11 160 0
10 160 20
46 160 40
21 160 60
94 160 80
85 160 100
39 160 120
32 160 140
77 160 160
77 160 163
27 160 180
91 160 200
4 160 220
74 160 240
20 160 260
55 160 280
81 160 300
50 160 320
65 160 340
47 160 360
69 160 380
56 160 400
64 160 420
34 160 440
88 160 460
3 160 480
97 160 500
59 160 520
40 160 540
48 160 560
54 160 580
67 160 600
67 160 612
96 160 620
22 160 640
30 160 660
29 160 680
75 160 700
80 160 720
86 160 740
99 160 760
99 160 766
99 160 772
99 162 760
8 160 780
92 160 800
73 160 820
23 160 840
58 160 860
43 160 880
35 160 900
61 160 920
28 160 940
28 160 949
28 160 958
28 165 949
28 165 958
28 166 947
28 170 958
83 160 960
26 160 980
84 180 0
33 180 20
57 180 40
37 180 60
63 180 80
49 180 100
52 180 120
98 180 140
25 180 160
82 180 180
82 180 182
71 180 200
15 180 220
31 180 240
17 180 260
17 180 265
17 180 270
17 180 275
17 181 260
17 181 265
17 181 270
17 181 275
17 182 276
17 182 277
17 182 278
17 182 279
17 184 272
17 184 273
17 184 274
17 184 275
17 186 268
17 186 269
17 186 270
17 186 271
17 188 264
17 188 265
17 188 266
17 188 267
17 190 260
17 190 261
17 190 262
17 190 263
17 191 276
17 191 277
17 191 278
17 191 279
17 193 272
17 193 273
17 193 274
17 193 275
17 195 268
17 195 269
17 195 270
17 195 271
17 197 264
17 197 265
17 197 266
17 197 267
17 199 260
87 180 280
87 180 284
87 180 288
87 180 292
87 180 296
87 184 280
87 184 288
87 184 296
87 186 286
87 186 294
87 188 280
87 188 296
87 190 286
87 190 294
87 192 282
87 192 296
87 194 286
87 194 294
79 180 300
79 180 315
89 180 320
45 180 340
72 180 360
95 180 380
66 180 400
14 180 420
53 180 440
18 180 460
44 180 480
44 182 480
36 180 500
41 180 520
70 180 540
38 180 560
7 180 580
42 180 600
5 180 620
60 180 640
68 180 660
9 180 680
76 180 700
12 180 720
90 180 740
24 180 760
24 184 760
13 180 780
19 180 800
16 180 820
6 180 840
2 180 860
51 180 880
1 180 900
78 180 920
62 180 940
93 180 960
0 180 980
11 200 0
10 200 20
46 200 40
21 200 60
94 200 80
85 200 100
39 200 120
32 200 140
77 200 160
27 200 180
91 200 200
91 200 214
4 200 220
74 200 240
20 200 260
55 200 280
81 200 300
50 200 320
65 200 340
47 200 360
47 200 367
47 200 374
69 200 380
56 200 400
64 200 420
34 200 440
88 200 460
3 200 480
97 200 500
59 200 520
40 200 540
40 200 549
40 200 558
40 201 540
40 201 549
40 201 558
40 202 540
48 200 560
54 200 580
67 200 600
96 200 620
22 200 640
30 200 660
29 200 680
75 200 700
80 200 720
86 200 740
99 200 760
8 200 780
8 200 782
92 200 800
73 200 820
23 200 840
58 200 860
58 200 868
58 200 876
58 202 872
58 204 864
58 204 876
58 206 868
58 208 860
58 208 872
58 210 864
58 210 876
58 212 868
58 214 860
58 214 872
58 216 864
58 216 876
43 200 880
43 200 886
43 200 892
43 202 880
43 202 886
43 204 880
43 204 886
43 206 882
43 206 888
43 208 882
43 208 888
43 210 882
43 210 888
43 212 882
43 212 888
43 214 882
43 214 888
43 216 882
43 216 888
35 200 900
35 200 915
61 200 920
28 200 940
83 200 960
26 200 980
84 220 0
33 220 20
57 220 40
37 220 60
63 220 80
63 225 80
49 220 100
52 220 120
98 220 140
25 220 160
82 220 180
71 220 200
15 220 220
31 220 240
17 220 260
87 220 280
79 220 300
89 220 320
45 220 340
72 220 360
72 225 360
95 220 380
66 220 400
14 220 420
53 220 440
18 220 460
44 220 480
36 220 500
41 220 520
70 220 540
38 220 560
7 220 580
42 220 600
5 220 620
60 220 640
68 220 660
9 220 680
76 220 700
12 220 720
90 220 740
24 220 760
13 220 780
19 220 800
19 220 812
16 220 820
6 220 840
2 220 860
51 220 880
1 220 900
78 220 920
62 220 940
93 220 960
93 220 968
93 225 960
93 225 968
0 220 980
11 240 0
10 240 20
46 240 40
21 240 60
94 240 80
85 240 100
39 240 120
32 240 140
32 240 151
32 240 155
32 242 140
32 244 140
32 246 147
32 248 154
77 240 160
27 240 180
91 240 200
4 240 220
74 240 240
20 240 260
55 240 280
81 240 300
50 240 320
65 240 340
47 240 360
69 240 380
69 240 382
56 240 400
64 240 420
34 240 440
88 240 460
88 240 466
88 240 472
88 240 478
88 242 468
88 242 470
88 244 464
88 244 466
88 246 460
88 246 462
88 246 476
88 246 478
88 248 472
88 248 474
88 250 468
88 250 470
88 252 464
88 252 466
88 254 460
88 254 462
88 254 476
88 254 478
88 256 472
88 256 474
3 240 480
3 240 484
3 240 488
3 240 492
3 240 496
3 241 480
3 241 488
3 241 496
3 242 488
3 243 488
3 246 482
3 246 490
3 246 498
3 247 484
3 247 492
3 248 480
3 248 492
3 249 480
3 250 480
3 251 480
3 252 486
3 253 482
3 253 490
3 254 482
3 254 490
3 255 482
97 240 500
97 240 515
59 240 520
40 240 540
48 240 560
54 240 580
67 240 600
96 240 620
22 240 640
30 240 660
29 240 680
29 243 680
75 240 700
80 240 720
86 240 740
99 240 760
8 240 780
92 240 800
73 240 820
23 240 840
58 240 860
43 240 880
35 240 900
61 240 920
28 240 940
83 240 960
83 240 965
26 240 980
84 260 0
33 260 20
57 260 40
37 260 60
63 260 80
49 260 100
52 260 120
98 260 140
25 260 160
82 260 180
71 260 200
15 260 220
31 260 240
17 260 260
87 260 280
79 260 300
89 260 320
45 260 340
72 260 360
95 260 380
66 260 400
66 260 414
14 260 420
53 260 440
18 260 460
44 260 480
36 260 500
41 260 520
70 260 540
38 260 560
38 260 564
38 260 568
38 260 572
38 260 576
38 263 560
7 260 580
42 260 600
5 260 620
60 260 640
68 260 660
9 260 680
76 260 700
12 260 720
90 260 740
90 260 748
90 260 756
90 260 757
90 260 758
90 260 759
90 265 756
24 260 760
13 260 780
19 260 800
16 260 820
6 260 840
2 260 860
51 260 880
1 260 900
78 260 920
62 260 940
93 260 960
0 260 980
0 260 983
11 280 0
10 280 20
46 280 40
21 280 60
21 280 68
21 280 76
21 282 72
21 284 64
21 284 76
21 286 68
21 288 60
21 288 72
21 290 64
21 290 76
21 292 68
21 294 60
21 294 72
21 296 64
21 296 76
94 280 80
94 280 85
94 280 90
94 280 95
94 282 80
94 282 90
94 284 80
94 286 80
94 286 87
94 286 97
94 288 85
94 288 94
94 290 85
94 290 94
94 292 84
94 292 94
94 294 84
94 294 94
94 296 84
85 280 100
85 280 112
39 280 120
32 280 140
77 280 160
27 280 180
91 280 200
4 280 220
74 280 240
20 280 260
55 280 280
55 280 296
81 280 300
50 280 320
65 280 340
47 280 360
69 280 380
56 280 400
64 280 420
34 280 440
88 280 460
3 280 480
97 280 500
59 280 520
40 280 540
48 280 560
48 284 560
54 280 580
67 280 600
96 280 620
22 280 640
30 280 660
29 280 680
75 280 700
80 280 720
86 280 740
99 280 760
8 280 780
92 280 800
73 280 820
23 280 840
58 280 860
43 280 880
35 280 900
61 280 920
28 280 940
83 280 960
26 280 980
84 300 0
84 300 15
33 300 20
57 300 40
37 300 60
63 300 80
49 300 100
52 300 120
98 300 140
25 300 160
25 300 165
25 300 170
25 300 175
25 303 160
82 300 180
71 300 200
15 300 220
31 300 240
17 300 260
87 300 280
79 300 300
89 300 320
45 300 340
45 300 350
45 302 340
45 302 350
45 304 340
45 304 350
45 306 354
72 300 360
95 300 380
66 300 400
14 300 420
53 300 440
18 300 460
44 300 480
36 300 500
41 300 520
70 300 540
38 300 560
7 300 580
7 301 580
42 300 600
5 300 620
60 300 640
68 300 660
68 300 667
68 300 674
68 300 677
68 302 668
68 302 675
68 304 664
68 304 671
68 306 660
68 306 667
68 306 674
68 306 677
68 308 668
68 308 675
68 310 664
68 310 671
68 312 660
68 312 667
68 312 674
68 312 677
68 314 668
68 314 675
68 316 664
68 316 671
68 318 660
68 318 667
68 318 674
9 300 680
9 300 685
9 300 690
9 300 695
9 302 680
9 302 690
9 304 680
9 306 680
9 306 687
9 306 697
9 308 685
9 308 694
9 310 685
9 310 694
9 312 684
9 312 694
9 314 684
9 314 694
9 316 684
76 300 700
76 300 715
12 300 720
90 300 740
24 300 760
13 300 780
19 300 800
16 300 820
6 300 840
2 300 860
51 300 880
51 300 897
1 300 900
78 300 920
62 300 940
93 300 960
0 300 980
11 320 0
10 320 20
46 320 40
21 320 60
94 320 80
85 320 100
39 320 120
32 320 140
77 320 160
77 320 163
27 320 180
91 320 200
4 320 220
74 320 240
20 320 260
55 320 280
81 320 300
50 320 320
65 320 340
47 320 360
69 320 380
56 320 400
64 320 420
34 320 440
88 320 460
3 320 480
97 320 500
59 320 520
40 320 540
48 320 560
54 320 580
67 320 600
67 320 612
96 320 620
22 320 640
30 320 660
29 320 680
75 320 700
80 320 720
86 320 740
99 320 760
99 320 766
99 320 772
99 322 760
8 320 780
92 320 800
73 320 820
23 320 840
58 320 860
43 320 880
35 320 900
61 320 920
28 320 940
28 320 949
28 320 958
28 325 949
28 325 958
28 326 947
28 330 958
83 320 960
26 320 980
84 340 0
33 340 20
57 340 40
37 340 60
63 340 80
49 340 100
52 340 120
98 340 140
25 340 160
82 340 180
82 340 182
71 340 200
15 340 220
31 340 240
17 340 260
17 340 265
17 340 270
17 340 275
17 341 260
17 341 265
17 341 270
17 341 275
17 342 276
17 342 277
17 342 278
17 342 279
17 344 272
17 344 273
17 344 274
17 344 275
17 346 268
17 346 269
17 346 270
17 346 271
17 348 264
17 348 265
17 348 266
17 348 267
17 350 260
17 350 261
17 350 262
17 350 263
17 351 276
17 351 277
17 351 278
17 351 279
17 353 272
17 353 273
17 353 274
17 353 275
17 355 268
17 355 269
17 355 270
17 355 271
17 357 264
17 357 265
17 357 266
17 357 267
17 359 260
87 340 280
87 340 284
87 340 288
87 340 292
87 340 296
87 344 280
87 344 288
87 344 296
87 346 286
87 346 294
87 348 280
87 348 296
87 350 286
87 350 294
87 352 282
87 352 296
87 354 286
87 354 294
79 340 300
79 340 315
89 340 320
45 340 340
72 340 360
95 340 380
66 340 400
14 340 420
53 340 440
18 340 460
44 340 480
44 342 480
36 340 500
41 340 520
70 340 540
38 340 560
7 340 580
42 340 600
5 340 620
60 340 640
68 340 660
9 340 680
76 340 700
12 340 720
90 340 740
24 340 760
24 344 760
13 340 780
19 340 800
16 340 820
6 340 840
2 340 860
51 340 880
1 340 900
78 340 920
62 340 940
93 340 960
0 340 980
11 360 0
10 360 20
46 360 40
21 360 60
94 360 80
85 360 100
39 360 120
32 360 140
77 360 160
27 360 180
91 360 200
91 360 214
4 360 220
74 360 240
20 360 260
55 360 280
81 360 300
50 360 320
65 360 340
47 360 360
47 360 367
47 360 374
69 360 380
56 360 400
64 360 420
34 360 440
88 360 460
3 360 480
97 360 500
59 360 520
40 360 540
40 360 549
40 360 558
40 361 540
40 361 549
40 361 558
40 362 540
48 360 560
54 360 580
67 360 600
96 360 620
22 360 640
30 360 660
29 360 680
75 360 700
80 360 720
86 360 740
99 360 760
8 360 780
8 360 782
92 360 800
73 360 820
23 360 840
58 360 860
58 360 868
58 360 876
58 362 872
58 364 864
58 364 876
58 366 868
58 368 860
58 368 872
58 370 864
58 370 876
58 372 868
58 374 860
58 374 872
58 376 864
58 376 876
43 360 880
43 360 886
43 360 892
43 362 880
43 362 886
43 364 880
43 364 886
43 366 882
43 366 888
43 368 882
43 368 888
43 370 882
43 370 888
43 372 882
43 372 888
43 374 882
43 374 888
43 376 882
43 376 888
35 360 900
35 360 915
61 360 920
28 360 940
83 360 960
26 360 980
84 380 0
33 380 20
57 380 40
37 380 60
63 380 80
63 385 80
49 380 100
52 380 120
98 380 140
25 380 160
82 380 180
71 380 200
15 380 220
31 380 240
17 380 260
87 380 280
79 380 300
89 380 320
45 380 340
72 380 360
72 385 360
95 380 380
66 380 400
14 380 420
53 380 440
18 380 460
44 380 480
36 380 500
41 380 520
70 380 540
38 380 560
7 380 580
42 380 600
5 380 620
60 380 640
68 380 660
9 380 680
76 380 700
12 380 720
90 380 740
24 380 760
13 380 780
19 380 800
19 380 812
16 380 820
6 380 840
2 380 860
51 380 880
1 380 900
78 380 920
62 380 940
93 380 960
93 380 968
93 385 960
93 385 968
0 380 980
11 400 0
10 400 20
46 400 40
21 400 60
94 400 80
85 400 100
39 400 120
32 400 140
32 400 151
32 400 155
32 402 140
32 404 140
32 406 147
32 408 154
77 400 160
27 400 180
91 400 200
4 400 220
74 400 240
20 400 260
55 400 280
81 400 300
50 400 320
65 400 340
47 400 360
69 400 380
69 400 382
56 400 400
64 400 420
34 400 440
88 400 460
88 400 466
88 400 472
88 400 478
88 402 468
88 402 470
88 404 464
88 404 466
88 406 460
88 406 462
88 406 476
88 406 478
88 408 472
88 408 474
88 410 468
88 410 470
88 412 464
88 412 466
88 414 460
88 414 462
88 414 476
88 414 478
88 416 472
88 416 474
3 400 480
3 400 484
3 400 488
3 400 492
3 400 496
3 401 480
3 401 488
3 401 496
3 402 488
3 403 488
3 406 482
3 406 490
3 406 498
3 407 484
3 407 492
3 408 480
3 408 492
3 409 480
3 410 480
3 411 480
3 412 486
3 413 482
3 413 490
3 414 482
3 414 490
3 415 482
97 400 500
97 400 515
59 400 520
40 400 540
48 400 560
54 400 580
67 400 600
96 400 620
22 400 640
30 400 660
29 400 680
29 403 680
75 400 700
80 400 720
86 400 740
99 400 760
8 400 780
92 400 800
73 400 820
23 400 840
58 400 860
43 400 880
35 400 900
61 400 920
28 400 940
83 400 960
83 400 965
26 400 980
84 420 0
33 420 20
57 420 40
37 420 60
63 420 80
49 420 100
52 420 120
98 420 140
25 420 160
82 420 180
71 420 200
15 420 220
31 420 240
17 420 260
87 420 280
79 420 300
89 420 320
45 420 340
72 420 360
95 420 380
66 420 400
66 420 414
14 420 420
53 420 440
18 420 460
44 420 480
36 420 500
41 420 520
70 420 540
38 420 560
38 420 564
38 420 568
38 420 572
38 420 576
38 423 560
7 420 580
42 420 600
5 420 620
60 420 640
68 420 660
9 420 680
76 420 700
12 420 720
90 420 740
90 420 748
90 420 756
90 420 757
90 420 758
90 420 759
90 425 756
24 420 760
13 420 780
19 420 800
16 420 820
6 420 840
2 420 860
51 420 880
1 420 900
78 420 920
62 420 940
93 420 960
0 420 980
0 420 983
11 440 0
10 440 20
46 440 40
21 440 60
21 440 68
21 440 76
21 442 72
21 444 64
21 444 76
21 446 68
21 448 60
21 448 72
21 450 64
21 450 76
21 452 68
21 454 60
21 454 72
21 456 64
21 456 76
94 440 80
94 440 85
94 440 90
94 440 95
94 442 80
94 442 90
94 444 80
94 446 80
94 446 87
94 446 97
94 448 85
94 448 94
94 450 85
94 450 94
94 452 84
94 452 94
94 454 84
94 454 94
94 456 84
85 440 100
85 440 112
39 440 120
32 440 140
77 440 160
27 440 180
91 440 200
4 440 220
74 440 240
20 440 260
55 440 280
55 440 296
81 440 300
50 440 320
65 440 340
47 440 360
69 440 380
56 440 400
64 440 420
34 440 440
88 440 460
3 440 480
97 440 500
59 440 520
40 440 540
48 440 560
48 444 560
54 440 580
67 440 600
96 440 620
22 440 640
30 440 660
29 440 680
75 440 700
80 440 720
86 440 740
99 440 760
8 440 780
92 440 800
73 440 820
23 440 840
58 440 860
43 440 880
35 440 900
61 440 920
28 440 940
83 440 960
26 440 980
84 460 0
84 460 15
33 460 20
57 460 40
37 460 60
63 460 80
49 460 100
52 460 120
98 460 140
25 460 160
25 460 165
25 460 170
25 460 175
25 463 160
82 460 180
71 460 200
15 460 220
31 460 240
17 460 260
87 460 280
79 460 300
89 460 320
45 460 340
45 460 350
45 462 340
45 462 350
45 464 340
45 464 350
45 466 354
72 460 360
95 460 380
66 460 400
14 460 420
53 460 440
18 460 460
44 460 480
36 460 500
41 460 520
70 460 540
38 460 560
7 460 580
7 461 580
42 460 600
5 460 620
60 460 640
68 460 660
68 460 667
68 460 674
68 460 677
68 462 668
68 462 675
68 464 664
68 464 671
68 466 660
68 466 667
68 466 674
68 466 677
68 468 668
68 468 675
68 470 664
68 470 671
68 472 660
68 472 667
68 472 674
68 472 677
68 474 668
68 474 675
68 476 664
68 476 671
68 478 660
68 478 667
68 478 674
9 460 680
9 460 685
9 460 690
9 460 695
9 462 680
9 462 690
9 464 680
9 466 680
9 466 687
9 466 697
9 468 685
9 468 694
9 470 685
9 470 694
9 472 684
9 472 694
9 474 684
9 474 694
9 476 684
76 460 700
76 460 715
12 460 720
90 460 740
24 460 760
13 460 780
19 460 800
16 460 820
6 460 840
2 460 860
51 460 880
51 460 897
1 460 900
78 460 920
62 460 940
93 460 960
0 460 980
11 480 0
10 480 20
46 480 40
21 480 60
94 480 80
85 480 100
39 480 120
32 480 140
77 480 160
77 480 163
27 480 180
91 480 200
4 480 220
74 480 240
20 480 260
55 480 280
81 480 300
50 480 320
65 480 340
47 480 360
69 480 380
56 480 400
64 480 420
34 480 440
88 480 460
3 480 480
97 480 500
59 480 520
40 480 540
48 480 560
54 480 580
67 480 600
67 480 612
96 480 620
22 480 640
30 480 660
29 480 680
75 480 700
80 480 720
86 480 740
99 480 760
99 480 766
99 480 772
99 482 760
8 480 780
92 480 800
73 480 820
23 480 840
58 480 860
43 480 880
35 480 900
61 480 920
28 480 940
28 480 949
28 480 958
28 485 949
28 485 958
28 486 947
28 490 958
83 480 960
26 480 980
84 500 0
33 500 20
57 500 40
37 500 60
63 500 80
49 500 100
52 500 120
98 500 140
25 500 160
82 500 180
82 500 182
71 500 200
15 500 220
31 500 240
17 500 260
17 500 265
17 500 270
17 500 275
17 501 260
17 501 265
17 501 270
17 501 275
17 502 276
17 502 277
17 502 278
17 502 279
17 504 272
17 504 273
17 504 274
17 504 275
17 506 268
17 506 269
17 506 270
17 506 271
17 508 264
17 508 265
17 508 266
17 508 267
17 510 260
17 510 261
17 510 262
17 510 263
17 511 276
17 511 277
17 511 278
17 511 279
17 513 272
17 513 273
17 513 274
17 513 275
17 515 268
17 515 269
17 515 270
17 515 271
17 517 264
17 517 265
17 517 266
17 517 267
17 519 260
87 500 280
87 500 284
87 500 288
87 500 292
87 500 296
87 504 280
87 504 288
87 504 296
87 506 286
87 506 294
87 508 280
87 508 296
87 510 286
87 510 294
87 512 282
87 512 296
87 514 286
87 514 294
79 500 300
79 500 315
89 500 320
45 500 340
72 500 360
95 500 380
66 500 400
14 500 420
53 500 440
18 500 460
44 500 480
44 502 480
36 500 500
41 500 520
70 500 540
38 500 560
7 500 580
42 500 600
5 500 620
60 500 640
68 500 660
9 500 680
76 500 700
12 500 720
90 500 740
24 500 760
24 504 760
13 500 780
19 500 800
16 500 820
6 500 840
2 500 860
51 500 880
1 500 900
78 500 920
62 500 940
93 500 960
0 500 980
11 520 0
10 520 20
46 520 40
21 520 60
94 520 80
85 520 100
39 520 120
32 520 140
77 520 160
27 520 180
91 520 200
91 520 214
4 520 220
74 520 240
20 520 260
55 520 280
81 520 300
50 520 320
65 520 340
47 520 360
47 520 367
47 520 374
69 520 380
56 520 400
64 520 420
34 520 440
88 520 460
3 520 480
97 520 500
59 520 520
40 520 540
40 520 549
40 520 558
40 521 540
40 521 549
40 521 558
40 522 540
48 520 560
54 520 580
67 520 600
96 520 620
22 520 640
30 520 660
29 520 680
75 520 700
80 520 720
86 520 740
99 520 760
8 520 780
8 520 782
92 520 800
73 520 820
23 520 840
58 520 860
58 520 868
58 520 876
58 522 872
58 524 864
58 524 876
58 526 868
58 528 860
58 528 872
58 530 864
58 530 876
58 532 868
58 534 860
58 534 872
58 536 864
58 536 876
43 520 880
43 520 886
43 520 892
43 522 880
43 522 886
43 524 880
43 524 886
43 526 882
43 526 888
43 528 882
43 528 888
43 530 882
43 530 888
43 532 882
43 532 888
43 534 882
43 534 888
43 536 882
43 536 888
35 520 900
35 520 915
61 520 920
28 520 940
83 520 960
26 520 980
84 540 0
33 540 20
57 540 40
37 540 60
63 540 80
63 545 80
49 540 100
52 540 120
98 540 140
25 540 160
82 540 180
71 540 200
15 540 220
31 540 240
17 540 260
87 540 280
79 540 300
89 540 320
45 540 340
72 540 360
72 545 360
95 540 380
66 540 400
14 540 420
53 540 440
18 540 460
44 540 480
36 540 500
41 540 520
70 540 540
38 540 560
7 540 580
42 540 600
5 540 620
60 540 640
68 540 660
9 540 680
76 540 700
12 540 720
90 540 740
24 540 760
13 540 780
19 540 800
19 540 812
16 540 820
6 540 840
2 540 860
51 540 880
1 540 900
78 540 920
62 540 940
93 540 960
93 540 968
93 545 960
93 545 968
0 540 980
11 560 0
10 560 20
46 560 40
21 560 60
94 560 80
85 560 100
39 560 120
32 560 140
32 560 151
32 560 155
32 562 140
32 564 140
32 566 147
32 568 154
77 560 160
27 560 180
91 560 200
4 560 220
74 560 240
20 560 260
55 560 280
81 560 300
50 560 320
65 560 340
47 560 360
69 560 380
69 560 382
56 560 400
64 560 420
34 560 440
88 560 460
88 560 466
88 560 472
88 560 478
88 562 468
88 562 470
88 564 464
88 564 466
88 566 460
88 566 462
88 566 476
88 566 478
88 568 472
88 568 474
88 570 468
88 570 470
88 572 464
88 572 466
88 574 460
88 574 462
88 574 476
88 574 478
88 576 472
88 576 474
3 560 480
3 560 484
3 560 488
3 560 492
3 560 496
3 561 480
3 561 488
3 561 496
3 562 488
3 563 488
3 566 482
3 566 490
3 566 498
3 567 484
3 567 492
3 568 480
3 568 492
3 569 480
3 570 480
3 571 480
3 572 486
3 573 482
3 573 490
3 574 482
3 574 490
3 575 482
97 560 500
97 560 515
59 560 520
40 560 540
48 560 560
54 560 580
67 560 600
96 560 620
22 560 640
30 560 660
29 560 680
29 563 680
75 560 700
80 560 720
86 560 740
99 560 760
8 560 780
92 560 800
73 560 820
23 560 840
58 560 860
43 560 880
35 560 900
61 560 920
28 560 940
83 560 960
83 560 965
26 560 980
84 580 0
33 580 20
57 580 40
37 580 60
63 580 80
49 580 100
52 580 120
98 580 140
25 580 160
82 580 180
71 580 200
15 580 220
31 580 240
17 580 260
87 580 280
79 580 300
89 580 320
45 580 340
72 580 360
95 580 380
66 580 400
66 580 414
14 580 420
53 580 440
18 580 460
44 580 480
36 580 500
41 580 520
70 580 540
38 580 560
38 580 564
38 580 568
38 580 572
38 580 576
38 583 560
7 580 580
42 580 600
5 580 620
60 580 640
68 580 660
9 580 680
76 580 700
12 580 720
90 580 740
90 580 748
90 580 756
90 580 757
90 580 758
90 580 759
90 585 756
24 580 760
13 580 780
19 580 800
16 580 820
6 580 840
2 580 860
51 580 880
1 580 900
78 580 920
62 580 940
93 580 960
0 580 980
0 580 983
11 600 0
10 600 20
46 600 40
21 600 60
21 600 68
21 600 76
21 602 72
21 604 64
21 604 76
21 606 68
21 608 60
21 608 72
21 610 64
21 610 76
21 612 68
21 614 60
21 614 72
21 616 64
21 616 76
94 600 80
94 600 85
94 600 90
94 600 95
94 602 80
94 602 90
94 604 80
94 606 80
94 606 87
94 606 97
94 608 85
94 608 94
94 610 85
94 610 94
94 612 84
94 612 94
94 614 84
94 614 94
94 616 84
85 600 100
85 600 112
39 600 120
32 600 140
77 600 160
27 600 180
91 600 200
4 600 220
74 600 240
20 600 260
55 600 280
55 600 296
81 600 300
50 600 320
65 600 340
47 600 360
69 600 380
56 600 400
64 600 420
34 600 440
88 600 460
3 600 480
97 600 500
59 600 520
40 600 540
48 600 560
48 604 560
54 600 580
67 600 600
96 600 620
22 600 640
30 600 660
29 600 680
75 600 700
80 600 720
86 600 740
99 600 760
8 600 780
92 600 800
73 600 820
23 600 840
58 600 860
43 600 880
35 600 900
61 600 920
28 600 940
83 600 960
26 600 980
84 620 0
84 620 15
33 620 20
57 620 40
37 620 60
63 620 80
49 620 100
52 620 120
98 620 140
25 620 160
25 620 165
25 620 170
25 620 175
25 623 160
82 620 180
71 620 200
15 620 220
31 620 240
17 620 260
87 620 280
79 620 300
89 620 320
45 620 340
45 620 350
45 622 340
45 622 350
45 624 340
45 624 350
45 626 354
72 620 360
95 620 380
66 620 400
14 620 420
53 620 440
18 620 460
44 620 480
36 620 500
41 620 520
70 620 540
38 620 560
7 620 580
7 621 580
42 620 600
5 620 620
60 620 640
68 620 660
68 620 667
68 620 674
68 620 677
68 622 668
68 622 675
68 624 664
68 624 671
68 626 660
68 626 667
68 626 674
68 626 677
68 628 668
68 628 675
68 630 664
68 630 671
68 632 660
68 632 667
68 632 674
68 632 677
68 634 668
68 634 675
68 636 664
68 636 671
68 638 660
68 638 667
68 638 674
9 620 680
9 620 685
9 620 690
9 620 695
9 622 680
9 622 690
9 624 680
9 626 680
9 626 687
9 626 697
9 628 685
9 628 694
9 630 685
9 630 694
9 632 684
9 632 694
9 634 684
9 634 694
9 636 684
76 620 700
76 620 715
12 620 720
90 620 740
24 620 760
13 620 780
19 620 800
16 620 820
6 620 840
2 620 860
51 620 880
51 620 897
1 620 900
78 620 920
62 620 940
93 620 960
0 620 980
11 640 0
10 640 20
46 640 40
21 640 60
94 640 80
85 640 100
39 640 120
32 640 140
77 640 160
77 640 163
27 640 180
91 640 200
4 640 220
74 640 240
20 640 260
55 640 280
81 640 300
50 640 320
65 640 340
47 640 360
69 640 380
56 640 400
64 640 420
34 640 440
88 640 460
3 640 480
97 640 500
59 640 520
40 640 540
48 640 560
54 640 580
67 640 600
67 640 612
96 640 620
22 640 640
30 640 660
29 640 680
75 640 700
80 640 720
86 640 740
99 640 760
99 640 766
99 640 772
99 642 760
8 640 780
92 640 800
73 640 820
23 640 840
58 640 860
43 640 880
35 640 900
61 640 920
28 640 940
28 640 949
28 640 958
28 645 949
28 645 958
28 646 947
28 650 958
83 640 960
26 640 980
84 660 0
33 660 20
57 660 40
37 660 60
63 660 80
49 660 100
52 660 120
98 660 140
25 660 160
82 660 180
82 660 182
71 660 200
15 660 220
31 660 240
17 660 260
17 660 265
17 660 270
17 660 275
17 661 260
17 661 265
17 661 270
17 661 275
17 662 276
17 662 277
17 662 278
17 662 279
17 664 272
17 664 273
17 664 274
17 664 275
17 666 268
17 666 269
17 666 270
17 666 271
17 668 264
17 668 265
17 668 266
17 668 267
17 670 260
17 670 261
17 670 262
17 670 263
17 671 276
17 671 277
17 671 278
17 671 279
17 673 272
17 673 273
17 673 274
17 673 275
17 675 268
17 675 269
17 675 270
17 675 271
17 677 264
17 677 265
17 677 266
17 677 267
17 679 260
87 660 280
87 660 284
87 660 288
87 660 292
87 660 296
87 664 280
87 664 288
87 664 296
87 666 286
87 666 294
87 668 280
87 668 296
87 670 286
87 670 294
87 672 282
87 672 296
87 674 286
87 674 294
79 660 300
79 660 315
89 660 320
45 660 340
72 660 360
95 660 380
66 660 400
14 660 420
53 660 440
18 660 460
44 660 480
44 662 480
36 660 500
41 660 520
70 660 540
38 660 560
7 660 580
42 660 600
5 660 620
60 660 640
68 660 660
9 660 680
76 660 700
12 660 720
90 660 740
24 660 760
24 664 760
13 660 780
19 660 800
16 660 820
6 660 840
2 660 860
51 660 880
1 660 900
78 660 920
62 660 940
93 660 960
0 660 980
11 680 0
10 680 20
46 680 40
21 680 60
94 680 80
85 680 100
39 680 120
32 680 140
77 680 160
27 680 180
91 680 200
91 680 214
4 680 220
74 680 240
20 680 260
55 680 280
81 680 300
50 680 320
65 680 340
47 680 360
47 680 367
47 680 374
69 680 380
56 680 400
64 680 420
34 680 440
88 680 460
3 680 480
97 680 500
59 680 520
40 680 540
40 680 549
40 680 558
40 681 540
40 681 549
40 681 558
40 682 540
48 680 560
54 680 580
67 680 600
96 680 620
22 680 640
30 680 660
29 680 680
75 680 700
80 680 720
86 680 740
99 680 760
8 680 780
8 680 782
92 680 800
73 680 820
23 680 840
58 680 860
58 680 868
58 680 876
58 682 872
58 684 864
58 684 876
58 686 868
58 688 860
58 688 872
58 690 864
58 690 876
58 692 868
58 694 860
58 694 872
58 696 864
58 696 876
43 680 880
43 680 886
43 680 892
43 682 880
43 682 886
43 684 880
43 684 886
43 686 882
43 686 888
43 688 882
43 688 888
43 690 882
43 690 888
43 692 882
43 692 888
43 694 882
43 694 888
43 696 882
43 696 888
35 680 900
35 680 915
61 680 920
28 680 940
83 680 960
26 680 980
84 700 0
33 700 20
57 700 40
37 700 60
63 700 80
63 705 80
49 700 100
52 700 120
98 700 140
25 700 160
82 700 180
71 700 200
15 700 220
31 700 240
17 700 260
87 700 280
79 700 300
89 700 320
45 700 340
72 700 360
72 705 360
95 700 380
66 700 400
14 700 420
53 700 440
18 700 460
44 700 480
36 700 500
41 700 520
70 700 540
38 700 560
7 700 580
42 700 600
5 700 620
60 700 640
68 700 660
9 700 680
76 700 700
12 700 720
90 700 740
24 700 760
13 700 780
19 700 800
19 700 812
16 700 820
6 700 840
2 700 860
51 700 880
1 700 900
78 700 920
62 700 940
93 700 960
93 700 968
93 705 960
93 705 968
0 700 980
11 720 0
10 720 20
46 720 40
21 720 60
94 720 80
85 720 100
39 720 120
32 720 140
32 720 151
32 720 155
32 722 140
32 724 140
32 726 147
32 728 154
77 720 160
27 720 180
91 720 200
4 720 220
74 720 240
20 720 260
55 720 280
81 720 300
50 720 320
65 720 340
47 720 360
69 720 380
69 720 382
56 720 400
64 720 420
34 720 440
88 720 460
88 720 466
88 720 472
88 720 478
88 722 468
88 722 470
88 724 464
88 724 466
88 726 460
88 726 462
88 726 476
88 726 478
88 728 472
88 728 474
88 730 468
88 730 470
88 732 464
88 732 466
88 734 460
88 734 462
88 734 476
88 734 478
88 736 472
88 736 474
3 720 480
3 720 484
3 720 488
3 720 492
3 720 496
3 721 480
3 721 488
3 721 496
3 722 488
3 723 488
3 726 482
3 726 490
3 726 498
3 727 484
3 727 492
3 728 480
3 728 492
3 729 480
3 730 480
3 731 480
3 732 486
3 733 482
3 733 490
3 734 482
3 734 490
3 735 482
97 720 500
97 720 515
59 720 520
40 720 540
48 720 560
54 720 580
67 720 600
96 720 620
22 720 640
30 720 660
29 720 680
29 723 680
75 720 700
80 720 720
86 720 740
99 720 760
8 720 780
92 720 800
73 720 820
23 720 840
58 720 860
43 720 880
35 720 900
61 720 920
28 720 940
83 720 960
83 720 965
26 720 980
84 740 0
33 740 20
57 740 40
37 740 60
63 740 80
49 740 100
52 740 120
98 740 140
25 740 160
82 740 180
71 740 200
15 740 220
31 740 240
17 740 260
87 740 280
79 740 300
89 740 320
45 740 340
72 740 360
95 740 380
66 740 400
66 740 414
14 740 420
53 740 440
18 740 460
44 740 480
36 740 500
41 740 520
70 740 540
38 740 560
38 740 564
38 740 568
38 740 572
38 740 576
38 743 560
7 740 580
42 740 600
5 740 620
60 740 640
68 740 660
9 740 680
76 740 700
12 740 720
90 740 740
90 740 748
90 740 756
90 740 757
90 740 758
90 740 759
90 745 756
24 740 760
13 740 780
19 740 800
16 740 820
6 740 840
2 740 860
51 740 880
1 740 900
78 740 920
62 740 940
93 740 960
0 740 980
0 740 983
11 760 0
10 760 20
46 760 40
21 760 60
21 760 68
21 760 76
21 762 72
21 764 64
21 764 76
21 766 68
21 768 60
21 768 72
21 770 64
21 770 76
21 772 68
21 774 60
21 774 72
21 776 64
21 776 76
94 760 80
94 760 85
94 760 90
94 760 95
94 762 80
94 762 90
94 764 80
94 766 80
94 766 87
94 766 97
94 768 85
94 768 94
94 770 85
94 770 94
94 772 84
94 772 94
94 774 84
94 774 94
94 776 84
85 760 100
85 760 112
39 760 120
32 760 140
77 760 160
27 760 180
91 760 200
4 760 220
74 760 240
20 760 260
55 760 280
55 760 296
81 760 300
50 760 320
65 760 340
47 760 360
69 760 380
56 760 400
64 760 420
34 760 440
88 760 460
3 760 480
97 760 500
59 760 520
40 760 540
48 760 560
48 764 560
54 760 580
67 760 600
96 760 620
22 760 640
30 760 660
29 760 680
75 760 700
80 760 720
86 760 740
99 760 760
8 760 780
92 760 800
73 760 820
23 760 840
58 760 860
43 760 880
35 760 900
61 760 920
28 760 940
83 760 960
26 760 980
84 780 0
84 780 15
33 780 20
57 780 40
37 780 60
63 780 80
49 780 100
52 780 120
98 780 140
25 780 160
25 780 165
25 780 170
25 780 175
25 783 160
82 780 180
71 780 200
15 780 220
31 780 240
17 780 260
87 780 280
79 780 300
89 780 320
45 780 340
45 780 350
45 782 340
45 782 350
45 784 340
45 784 350
45 786 354
72 780 360
95 780 380
66 780 400
14 780 420
53 780 440
18 780 460
44 780 480
36 780 500
41 780 520
70 780 540
38 780 560
7 780 580
7 781 580
42 780 600
5 780 620
60 780 640
68 780 660
68 780 667
68 780 674
68 780 677
68 782 668
68 782 675
68 784 664
68 784 671
68 786 660
68 786 667
68 786 674
68 786 677
68 788 668
68 788 675
68 790 664
68 790 671
68 792 660
68 792 667
68 792 674
68 792 677
68 794 668
68 794 675
68 796 664
68 796 671
68 798 660
68 798 667
68 798 674
9 780 680
9 780 685
9 780 690
9 780 695
9 782 680
9 782 690
9 784 680
9 786 680
9 786 687
9 786 697
9 788 685
9 788 694
9 790 685
9 790 694
9 792 684
9 792 694
9 794 684
9 794 694
9 796 684
76 780 700
76 780 715
12 780 720
90 780 740
24 780 760
13 780 780
19 780 800
16 780 820
6 780 840
2 780 860
51 780 880
51 780 897
1 780 900
78 780 920
62 780 940
93 780 960
0 780 980
11 800 0
10 800 20
46 800 40
21 800 60
94 800 80
85 800 100
39 800 120
32 800 140
77 800 160
77 800 163
27 800 180
91 800 200
4 800 220
74 800 240
20 800 260
55 800 280
81 800 300
50 800 320
65 800 340
47 800 360
69 800 380
56 800 400
64 800 420
34 800 440
88 800 460
3 800 480
97 800 500
59 800 520
40 800 540
48 800 560
54 800 580
67 800 600
67 800 612
96 800 620
22 800 640
30 800 660
29 800 680
75 800 700
80 800 720
86 800 740
99 800 760
99 800 766
99 800 772
99 802 760
8 800 780
92 800 800
73 800 820
23 800 840
58 800 860
43 800 880
35 800 900
61 800 920
28 800 940
28 800 949
28 800 958
28 805 949
28 805 958
28 806 947
28 810 958
83 800 960
26 800 980
84 820 0
33 820 20
57 820 40
37 820 60
63 820 80
49 820 100
52 820 120
98 820 140
25 820 160
82 820 180
82 820 182
71 820 200
15 820 220
31 820 240
17 820 260
17 820 265
17 820 270
17 820 275
17 821 260
17 821 265
17 821 270
17 821 275
17 822 276
17 822 277
17 822 278
17 822 279
17 824 272
17 824 273
17 824 274
17 824 275
17 826 268
17 826 269
17 826 270
17 826 271
17 828 264
17 828 265
17 828 266
17 828 267
17 830 260
17 830 261
17 830 262
17 830 263
17 831 276
17 831 277
17 831 278
17 831 279
17 833 272
17 833 273
17 833 274
17 833 275
17 835 268
17 835 269
17 835 270
17 835 271
17 837 264
17 837 265
17 837 266
17 837 267
17 839 260
87 820 280
87 820 284
87 820 288
87 820 292
87 820 296
87 824 280
87 824 288
87 824 296
87 826 286
87 826 294
87 828 280
87 828 296
87 830 286
87 830 294
87 832 282
87 832 296
87 834 286
87 834 294
79 820 300
79 820 315
89 820 320
45 820 340
72 820 360
95 820 380
66 820 400
14 820 420
53 820 440
18 820 460
44 820 480
44 822 480
36 820 500
41 820 520
70 820 540
38 820 560
7 820 580
42 820 600
5 820 620
60 820 640
68 820 660
9 820 680
76 820 700
12 820 720
90 820 740
24 820 760
24 824 760
13 820 780
19 820 800
16 820 820
6 820 840
2 820 860
51 820 880
1 820 900
78 820 920
62 820 940
93 820 960
0 820 980
11 840 0
10 840 20
46 840 40
21 840 60
94 840 80
85 840 100
39 840 120
32 840 140
77 840 160
27 840 180
91 840 200
91 840 214
4 840 220
74 840 240
20 840 260
55 840 280
81 840 300
50 840 320
65 840 340
47 840 360
47 840 367
47 840 374
69 840 380
56 840 400
64 840 420
34 840 440
88 840 460
3 840 480
97 840 500
59 840 520
40 840 540
40 840 549
40 840 558
40 841 540
40 841 549
40 841 558
40 842 540
48 840 560
54 840 580
67 840 600
96 840 620
22 840 640
30 840 660
29 840 680
75 840 700
80 840 720
86 840 740
99 840 760
8 840 780
8 840 782
92 840 800
73 840 820
23 840 840
58 840 860
58 840 868
58 840 876
58 842 872
58 844 864
58 844 876
58 846 868
58 848 860
58 848 872
58 850 864
58 850 876
58 852 868
58 854 860
58 854 872
58 856 864
58 856 876
43 840 880
43 840 886
43 840 892
43 842 880
43 842 886
43 844 880
43 844 886
43 846 882
43 846 888
43 848 882
43 848 888
43 850 882
43 850 888
43 852 882
43 852 888
43 854 882
43 854 888
43 856 882
43 856 888
35 840 900
35 840 915
61 840 920
28 840 940
83 840 960
26 840 980
84 860 0
33 860 20
57 860 40
37 860 60
63 860 80
63 865 80
49 860 100
52 860 120
98 860 140
25 860 160
82 860 180
71 860 200
15 860 220
31 860 240
17 860 260
87 860 280
79 860 300
89 860 320
45 860 340
72 860 360
72 865 360
95 860 380
66 860 400
14 860 420
53 860 440
18 860 460
44 860 480
36 860 500
41 860 520
70 860 540
38 860 560
7 860 580
42 860 600
5 860 620
60 860 640
68 860 660
9 860 680
76 860 700
12 860 720
90 860 740
24 860 760
13 860 780
19 860 800
19 860 812
16 860 820
6 860 840
2 860 860
51 860 880
1 860 900
78 860 920
62 860 940
93 860 960
93 860 968
93 865 960
93 865 968
0 860 980
11 880 0
10 880 20
46 880 40
21 880 60
94 880 80
85 880 100
39 880 120
32 880 140
32 880 151
32 880 155
32 882 140
32 884 140
32 886 147
32 888 154
77 880 160
27 880 180
91 880 200
4 880 220
74 880 240
20 880 260
55 880 280
81 880 300
50 880 320
65 880 340
47 880 360
69 880 380
69 880 382
56 880 400
64 880 420
34 880 440
88 880 460
88 880 466
88 880 472
88 880 478
88 882 468
88 882 470
88 884 464
88 884 466
88 886 460
88 886 462
88 886 476
88 886 478
88 888 472
88 888 474
88 890 468
88 890 470
88 892 464
88 892 466
88 894 460
88 894 462
88 894 476
88 894 478
88 896 472
88 896 474
3 880 480
3 880 484
3 880 488
3 880 492
3 880 496
3 881 480
3 881 488
3 881 496
3 882 488
3 883 488
3 886 482
3 886 490
3 886 498
3 887 484
3 887 492
3 888 480
3 888 492
3 889 480
3 890 480
3 891 480
3 892 486
3 893 482
3 893 490
3 894 482
3 894 490
3 895 482
97 880 500
97 880 515
59 880 520
40 880 540
48 880 560
54 880 580
67 880 600
96 880 620
22 880 640
30 880 660
29 880 680
29 883 680
75 880 700
80 880 720
86 880 740
99 880 760
8 880 780
92 880 800
73 880 820
23 880 840
58 880 860
43 880 880
35 880 900
61 880 920
28 880 940
83 880 960
83 880 965
26 880 980
84 900 0
33 900 20
57 900 40
37 900 60
63 900 80
49 900 100
52 900 120
98 900 140
25 900 160
82 900 180
71 900 200
15 900 220
31 900 240
17 900 260
87 900 280
79 900 300
89 900 320
45 900 340
72 900 360
95 900 380
66 900 400
66 900 414
14 900 420
53 900 440
18 900 460
44 900 480
36 900 500
41 900 520
70 900 540
38 900 560
38 900 564
38 900 568
38 900 572
38 900 576
38 903 560
7 900 580
42 900 600
5 900 620
60 900 640
68 900 660
9 900 680
76 900 700
12 900 720
90 900 740
90 900 748
90 900 756
90 900 757
90 900 758
90 900 759
90 905 756
24 900 760
13 900 780
19 900 800
16 900 820
6 900 840
2 900 860
51 900 880
1 900 900
78 900 920
62 900 940
93 900 960
0 900 980
0 900 983
11 920 0
10 920 20
46 920 40
21 920 60
21 920 68
21 920 76
21 922 72
21 924 64
21 924 76
21 926 68
21 928 60
21 928 72
21 930 64
21 930 76
21 932 68
21 934 60
21 934 72
21 936 64
21 936 76
94 920 80
94 920 85
94 920 90
94 920 95
94 922 80
94 922 90
94 924 80
94 926 80
94 926 87
94 926 97
94 928 85
94 928 94
94 930 85
94 930 94
94 932 84
94 932 94
94 934 84
94 934 94
94 936 84
85 920 100
85 920 112
39 920 120
32 920 140
77 920 160
27 920 180
91 920 200
4 920 220
74 920 240
20 920 260
55 920 280
55 920 296
81 920 300
50 920 320
65 920 340
47 920 360
69 920 380
56 920 400
64 920 420
34 920 440
88 920 460
3 920 480
97 920 500
59 920 520
40 920 540
48 920 560
48 924 560
54 920 580
67 920 600
96 920 620
22 920 640
30 920 660
29 920 680
75 920 700
80 920 720
86 920 740
99 920 760
8 920 780
92 920 800
73 920 820
23 920 840
58 920 860
43 920 880
35 920 900
61 920 920
28 920 940
83 920 960
26 920 980
84 940 0
84 940 15
33 940 20
57 940 40
37 940 60
63 940 80
49 940 100
52 940 120
98 940 140
25 940 160
25 940 165
25 940 170
25 940 175
25 943 160
82 940 180
71 940 200
15 940 220
31 940 240
17 940 260
87 940 280
79 940 300
89 940 320
45 940 340
45 940 350
45 942 340
45 942 350
45 944 340
45 944 350
45 946 354
72 940 360
95 940 380
66 940 400
14 940 420
53 940 440
18 940 460
44 940 480
36 940 500
41 940 520
70 940 540
38 940 560
7 940 580
7 941 580
42 940 600
5 940 620
60 940 640
68 940 660
68 940 667
68 940 674
68 940 677
68 942 668
68 942 675
68 944 664
68 944 671
68 946 660
68 946 667
68 946 674
68 946 677
68 948 668
68 948 675
68 950 664
68 950 671
68 952 660
68 952 667
68 952 674
68 952 677
68 954 668
68 954 675
68 956 664
68 956 671
68 958 660
68 958 667
68 958 674
9 940 680
9 940 685
9 940 690
9 940 695
9 942 680
9 942 690
9 944 680
9 946 680
9 946 687
9 946 697
9 948 685
9 948 694
9 950 685
9 950 694
9 952 684
9 952 694
9 954 684
9 954 694
9 956 684
76 940 700
76 940 715
12 940 720
90 940 740
24 940 760
13 940 780
19 940 800
16 940 820
6 940 840
2 940 860
51 940 880
51 940 897
1 940 900
78 940 920
62 940 940
93 940 960
0 940 980
11 960 0
10 960 20
46 960 40
21 960 60
94 960 80
85 960 100
39 960 120
32 960 140
77 960 160
77 960 163
27 960 180
91 960 200
4 960 220
74 960 240
20 960 260
55 960 280
81 960 300
50 960 320
65 960 340
47 960 360
69 960 380
56 960 400
64 960 420
34 960 440
88 960 460
3 960 480
97 960 500
59 960 520
40 960 540
48 960 560
54 960 580
67 960 600
67 960 612
96 960 620
22 960 640
30 960 660
29 960 680
75 960 700
80 960 720
86 960 740
99 960 760
99 960 766
99 960 772
99 962 760
8 960 780
92 960 800
73 960 820
23 960 840
58 960 860
43 960 880
35 960 900
61 960 920
28 960 940
28 960 949
28 960 958
28 965 949
28 965 958
28 966 947
28 970 958
83 960 960
26 960 980
84 980 0
33 980 20
57 980 40
37 980 60
63 980 80
49 980 100
52 980 120
98 980 140
25 980 160
82 980 180
82 980 182
71 980 200
15 980 220
31 980 240
17 980 260
17 980 265
17 980 270
17 980 275
17 981 260
17 981 265
17 981 270
17 981 275
17 982 276
17 982 277
17 982 278
17 982 279
17 984 272
17 984 273
17 984 274
17 984 275
17 986 268
17 986 269
17 986 270
17 986 271
17 988 264
17 988 265
17 988 266
17 988 267
17 990 260
17 990 261
17 990 262
17 990 263
17 991 276
17 991 277
17 991 278
17 991 279
17 993 272
17 993 273
17 993 274
17 993 275
17 995 268
17 995 269
17 995 270
17 995 271
17 997 264
17 997 265
17 997 266
17 997 267
17 999 260
87 980 280
87 980 284
87 980 288
87 980 292
87 980 296
87 984 280
87 984 288
87 984 296
87 986 286
87 986 294
87 988 280
87 988 296
87 990 286
87 990 294
87 992 282
87 992 296
87 994 286
87 994 294
79 980 300
79 980 315
89 980 320
45 980 340
72 980 360
95 980 380
66 980 400
14 980 420
53 980 440
18 980 460
44 980 480
44 982 480
36 980 500
41 980 520
70 980 540
38 980 560
7 980 580
42 980 600
5 980 620
60 980 640
68 980 660
9 980 680
76 980 700
12 980 720
90 980 740
24 980 760
24 984 760
13 980 780
19 980 800
16 980 820
6 980 840
2 980 860
51 980 880
1 980 900
78 980 920
62 980 940
93 980 960
0 980 980
134 2 160
163 0 602
110 0 763
110 0 769
110 0 775
138 0 942
138 0 951
138 6 940
138 6 951
138 12 940
138 12 947
137 25 180
142 20 261
142 20 266
142 20 271
142 20 276
142 22 260
142 22 264
142 22 268
142 22 272
142 23 276
142 24 260
142 24 264
142 24 268
142 25 272
142 25 276
142 26 260
142 26 264
142 27 268
142 27 272
142 27 276
142 28 260
142 29 264
142 29 268
142 29 272
142 29 276
142 31 260
142 31 264
142 31 268
142 31 272
142 32 276
142 33 260
142 33 264
142 33 268
142 34 272
142 34 276
142 35 260
142 35 264
142 36 268
142 36 272
142 36 276
142 37 260
142 38 264
142 38 268
142 38 272
142 38 276
112 20 282
112 20 286
112 20 290
112 20 294
112 20 298
112 24 284
112 24 292
112 26 282
112 26 290
112 26 298
112 28 288
112 30 284
112 30 292
112 32 280
112 32 290
112 32 298
112 34 288
169 20 305
121 20 485
134 20 762
163 40 204
110 40 364
110 40 371
138 40 542
138 40 551
138 46 540
138 46 547
138 52 540
138 52 547
137 43 780
142 40 864
142 40 872
142 42 864
142 44 860
142 44 868
142 46 860
142 46 872
142 48 864
142 48 876
142 50 868
142 52 860
142 52 872
142 54 864
142 54 876
142 56 868
142 58 860
142 58 868
142 58 872
112 40 884
112 40 890
112 40 896
112 40 898
112 42 892
112 42 894
112 46 880
112 46 886
112 46 896
112 46 898
112 48 892
112 48 894
112 52 880
112 52 886
112 52 896
112 52 898
112 54 892
112 54 894
169 40 905
121 60 85
134 60 362
163 60 802
110 60 965
110 60 973
110 60 976
138 80 144
138 82 151
138 86 140
138 88 147
138 92 140
138 94 147
137 83 380
142 80 462
142 80 468
142 80 474
142 82 462
142 82 474
142 84 460
142 84 472
142 84 476
142 86 468
142 86 472
142 88 464
142 88 468
142 90 460
142 90 464
142 90 476
142 92 460
142 92 472
142 92 476
142 94 468
142 94 472
142 96 464
142 96 468
142 98 460
142 98 464
142 98 468
142 98 476
112 80 482
112 80 486
112 80 490
112 80 494
112 80 498
112 81 484
112 81 492
112 82 480
112 82 496
112 84 488
112 86 486
112 86 494
112 87 482
112 87 490
112 87 498
112 88 484
112 88 496
112 89 492
112 90 488
112 92 480
112 92 494
112 93 486
112 93 498
112 94 484
112 94 496
169 80 505
121 80 683
134 81 960
163 100 404
110 100 561
110 100 565
110 100 569
110 100 573
110 100 577
138 100 741
138 100 749
138 106 740
138 106 747
138 112 740
138 112 747
137 101 980
142 120 64
142 120 72
142 122 64
142 124 60
142 124 68
142 126 60
142 126 72
142 128 64
142 128 76
142 130 68
142 132 60
142 132 72
142 134 64
142 134 76
142 136 68
142 138 60
142 138 68
142 138 72
112 120 83
112 120 88
112 120 93
112 120 98
112 122 85
112 122 95
112 124 90
112 126 83
112 126 92
112 128 80
112 128 88
112 128 97
112 130 90
112 132 82
112 132 92
112 134 80
112 134 87
112 134 97
169 120 102
121 120 281
134 120 562
163 140 5
110 140 162
110 140 167
110 140 172
110 140 177
138 140 343
138 140 353
138 146 340
138 146 347
138 152 340
138 152 347
137 140 581
142 140 663
142 140 670
142 142 660
142 142 664
142 142 671
142 144 660
142 144 667
142 144 674
142 146 663
142 146 670
142 148 660
142 148 664
142 148 671
142 150 660
142 150 667
142 150 674
142 152 663
142 152 670
142 154 660
142 154 664
142 154 671
142 156 660
142 156 667
142 156 674
142 158 663
142 158 670
112 140 683
112 140 688
112 140 693
112 140 698
112 142 685
112 142 695
112 144 690
112 146 683
112 146 692
112 148 680
112 148 688
112 148 697
112 150 690
112 152 682
112 152 692
112 154 680
112 154 687
112 154 697
169 140 705
121 140 882
134 162 160
163 160 602
110 160 763
110 160 769
110 160 775
138 160 942
138 160 951
138 166 940
138 166 951
138 172 940
138 172 947
137 185 180
142 180 261
142 180 266
142 180 271
142 180 276
142 182 260
142 182 264
142 182 268
142 182 272
142 183 276
142 184 260
142 184 264
142 184 268
142 185 272
142 185 276
142 186 260
142 186 264
142 187 268
142 187 272
142 187 276
142 188 260
142 189 264
142 189 268
142 189 272
142 189 276
142 191 260
142 191 264
142 191 268
142 191 272
142 192 276
142 193 260
142 193 264
142 193 268
142 194 272
142 194 276
142 195 260
142 195 264
142 196 268
142 196 272
142 196 276
142 197 260
142 198 264
142 198 268
142 198 272
142 198 276
112 180 282
112 180 286
112 180 290
112 180 294
112 180 298
112 184 284
112 184 292
112 186 282
112 186 290
112 186 298
112 188 288
112 190 284
112 190 292
112 192 280
112 192 290
112 192 298
112 194 288
169 180 305
121 180 485
134 180 762
163 200 204
110 200 364
110 200 371
138 200 542
138 200 551
138 206 540
138 206 547
138 212 540
138 212 547
137 203 780
142 200 864
142 200 872
142 202 864
142 204 860
142 204 868
142 206 860
142 206 872
142 208 864
142 208 876
142 210 868
142 212 860
142 212 872
142 214 864
142 214 876
142 216 868
142 218 860
142 218 868
142 218 872
112 200 884
112 200 890
112 200 896
112 200 898
112 202 892
112 202 894
112 206 880
112 206 886
112 206 896
112 206 898
112 208 892
112 208 894
112 212 880
112 212 886
112 212 896
112 212 898
112 214 892
112 214 894
169 200 905
121 220 85
134 220 362
163 220 802
110 220 965
110 220 973
110 220 976
138 240 144
138 242 151
138 246 140
138 248 147
138 252 140
138 254 147
137 243 380
142 240 462
142 240 468
142 240 474
142 242 462
142 242 474
142 244 460
142 244 472
142 244 476
142 246 468
142 246 472
142 248 464
142 248 468
142 250 460
142 250 464
142 250 476
142 252 460
142 252 472
142 252 476
142 254 468
142 254 472
142 256 464
142 256 468
142 258 460
142 258 464
142 258 468
142 258 476
112 240 482
112 240 486
112 240 490
112 240 494
112 240 498
112 241 484
112 241 492
112 242 480
112 242 496
112 244 488
112 246 486
112 246 494
112 247 482
112 247 490
112 247 498
112 248 484
112 248 496
112 249 492
112 250 488
112 252 480
112 252 494
112 253 486
112 253 498
112 254 484
112 254 496
169 240 505
121 240 683
134 241 960
163 260 404
110 260 561
110 260 565
110 260 569
110 260 573
110 260 577
138 260 741
138 260 749
138 266 740
138 266 747
138 272 740
138 272 747
137 261 980
142 280 64
142 280 72
142 282 64
142 284 60
142 284 68
142 286 60
142 286 72
142 288 64
142 288 76
142 290 68
142 292 60
142 292 72
142 294 64
142 294 76
142 296 68
142 298 60
142 298 68
142 298 72
112 280 83
112 280 88
112 280 93
112 280 98
112 282 85
112 282 95
112 284 90
112 286 83
112 286 92
112 288 80
112 288 88
112 288 97
112 290 90
112 292 82
112 292 92
112 294 80
112 294 87
112 294 97
169 280 102
121 280 281
134 280 562
163 300 5
110 300 162
110 300 167
110 300 172
110 300 177
138 300 343
138 300 353
138 306 340
138 306 347
138 312 340
138 312 347
137 300 581
142 300 663
142 300 670
142 302 660
142 302 664
142 302 671
142 304 660
142 304 667
142 304 674
142 306 663
142 306 670
142 308 660
142 308 664
142 308 671
142 310 660
142 310 667
142 310 674
142 312 663
142 312 670
142 314 660
142 314 664
142 314 671
142 316 660
142 316 667
142 316 674
142 318 663
142 318 670
112 300 683
112 300 688
112 300 693
112 300 698
112 302 685
112 302 695
112 304 690
112 306 683
112 306 692
112 308 680
112 308 688
112 308 697
112 310 690
112 312 682
112 312 692
112 314 680
112 314 687
112 314 697
169 300 705
121 300 882
134 322 160
163 320 602
110 320 763
110 320 769
110 320 775
138 320 942
138 320 951
138 326 940
138 326 951
138 332 940
138 332 947
137 345 180
142 340 261
142 340 266
142 340 271
142 340 276
142 342 260
142 342 264
142 342 268
142 342 272
142 343 276
142 344 260
142 344 264
142 344 268
142 345 272
142 345 276
142 346 260
142 346 264
142 347 268
142 347 272
142 347 276
142 348 260
142 349 264
142 349 268
142 349 272
142 349 276
142 351 260
142 351 264
142 351 268
142 351 272
142 352 276
142 353 260
142 353 264
142 353 268
142 354 272
142 354 276
142 355 260
142 355 264
142 356 268
142 356 272
142 356 276
142 357 260
142 358 264
142 358 268
142 358 272
142 358 276
112 340 282
112 340 286
112 340 290
112 340 294
112 340 298
112 344 284
112 344 292
112 346 282
112 346 290
112 346 298
112 348 288
112 350 284
112 350 292
112 352 280
112 352 290
112 352 298
112 354 288
169 340 305
121 340 485
134 340 762
163 360 204
110 360 364
110 360 371
138 360 542
138 360 551
138 366 540
138 366 547
138 372 540
138 372 547
137 363 780
142 360 864
142 360 872
142 362 864
142 364 860
142 364 868
142 366 860
142 366 872
142 368 864
142 368 876
142 370 868
142 372 860
142 372 872
142 374 864
142 374 876
142 376 868
142 378 860
142 378 868
142 378 872
112 360 884
112 360 890
112 360 896
112 360 898
112 362 892
112 362 894
112 366 880
112 366 886
112 366 896
112 366 898
112 368 892
112 368 894
112 372 880
112 372 886
112 372 896
112 372 898
112 374 892
112 374 894
169 360 905
121 380 85
134 380 362
163 380 802
110 380 965
110 380 973
110 380 976
138 400 144
138 402 151
138 406 140
138 408 147
138 412 140
138 414 147
137 403 380
142 400 462
142 400 468
142 400 474
142 402 462
142 402 474
142 404 460
142 404 472
142 404 476
142 406 468
142 406 472
142 408 464
142 408 468
142 410 460
142 410 464
142 410 476
142 412 460
142 412 472
142 412 476
142 414 468
142 414 472
142 416 464
142 416 468
142 418 460
142 418 464
142 418 468
142 418 476
112 400 482
112 400 486
112 400 490
112 400 494
112 400 498
112 401 484
112 401 492
112 402 480
112 402 496
112 404 488
112 406 486
112 406 494
112 407 482
112 407 490
112 407 498
112 408 484
112 408 496
112 409 492
112 410 488
112 412 480
112 412 494
112 413 486
112 413 498
112 414 484
112 414 496
169 400 505
121 400 683
134 401 960
163 420 404
110 420 561
110 420 565
110 420 569
110 420 573
110 420 577
138 420 741
138 420 749
138 426 740
138 426 747
138 432 740
138 432 747
137 421 980
142 440 64
142 440 72
142 442 64
142 444 60
142 444 68
142 446 60
142 446 72
142 448 64
142 448 76
142 450 68
142 452 60
142 452 72
142 454 64
142 454 76
142 456 68
142 458 60
142 458 68
142 458 72
112 440 83
112 440 88
112 440 93
112 440 98
112 442 85
112 442 95
112 444 90
112 446 83
112 446 92
112 448 80
112 448 88
112 448 97
112 450 90
112 452 82
112 452 92
112 454 80
112 454 87
112 454 97
169 440 102
121 440 281
134 440 562
163 460 5
110 460 162
110 460 167
110 460 172
110 460 177
138 460 343
138 460 353
138 466 340
138 466 347
138 472 340
138 472 347
137 460 581
142 460 663
142 460 670
142 462 660
142 462 664
142 462 671
142 464 660
142 464 667
142 464 674
142 466 663
142 466 670
142 468 660
142 468 664
142 468 671
142 470 660
142 470 667
142 470 674
142 472 663
142 472 670
142 474 660
142 474 664
142 474 671
142 476 660
142 476 667
142 476 674
142 478 663
142 478 670
112 460 683
112 460 688
112 460 693
112 460 698
112 462 685
112 462 695
112 464 690
112 466 683
112 466 692
112 468 680
112 468 688
112 468 697
112 470 690
112 472 682
112 472 692
112 474 680
112 474 687
112 474 697
169 460 705
121 460 882
134 482 160
163 480 602
110 480 763
110 480 769
110 480 775
138 480 942
138 480 951
138 486 940
138 486 951
138 492 940
138 492 947
137 505 180
142 500 261
142 500 266
142 500 271
142 500 276
142 502 260
142 502 264
142 502 268
142 502 272
142 503 276
142 504 260
142 504 264
142 504 268
142 505 272
142 505 276
142 506 260
142 506 264
142 507 268
142 507 272
142 507 276
142 508 260
142 509 264
142 509 268
142 509 272
142 509 276
142 511 260
142 511 264
142 511 268
142 511 272
142 512 276
142 513 260
142 513 264
142 513 268
142 514 272
142 514 276
142 515 260
142 515 264
142 516 268
142 516 272
142 516 276
142 517 260
142 518 264
142 518 268
142 518 272
142 518 276
112 500 282
112 500 286
112 500 290
112 500 294
112 500 298
112 504 284
112 504 292
112 506 282
112 506 290
112 506 298
112 508 288
112 510 284
112 510 292
112 512 280
112 512 290
112 512 298
112 514 288
169 500 305
121 500 485
134 500 762
163 520 204
110 520 364
110 520 371
138 520 542
138 520 551
138 526 540
138 526 547
138 532 540
138 532 547
137 523 780
142 520 864
142 520 872
142 522 864
142 524 860
142 524 868
142 526 860
142 526 872
142 528 864
142 528 876
142 530 868
142 532 860
142 532 872
142 534 864
142 534 876
142 536 868
142 538 860
142 538 868
142 538 872
112 520 884
112 520 890
112 520 896
112 520 898
112 522 892
112 522 894
112 526 880
112 526 886
112 526 896
112 526 898
112 528 892
112 528 894
112 532 880
112 532 886
112 532 896
112 532 898
112 534 892
112 534 894
169 520 905
121 540 85
134 540 362
163 540 802
110 540 965
110 540 973
110 540 976
138 560 144
138 562 151
138 566 140
138 568 147
138 572 140
138 574 147
137 563 380
142 560 462
142 560 468
142 560 474
142 562 462
142 562 474
142 564 460
142 564 472
142 564 476
142 566 468
142 566 472
142 568 464
142 568 468
142 570 460
142 570 464
142 570 476
142 572 460
142 572 472
142 572 476
142 574 468
142 574 472
142 576 464
142 576 468
142 578 460
142 578 464
142 578 468
142 578 476
112 560 482
112 560 486
112 560 490
112 560 494
112 560 498
112 561 484
112 561 492
112 562 480
112 562 496
112 564 488
112 566 486
112 566 494
112 567 482
112 567 490
112 567 498
112 568 484
112 568 496
112 569 492
112 570 488
112 572 480
112 572 494
112 573 486
112 573 498
112 574 484
112 574 496
169 560 505
121 560 683
134 561 960
163 580 404
110 580 561
110 580 565
110 580 569
110 580 573
110 580 577
138 580 741
138 580 749
138 586 740
138 586 747
138 592 740
138 592 747
137 581 980
142 600 64
142 600 72
142 602 64
142 604 60
142 604 68
142 606 60
142 606 72
142 608 64
142 608 76
142 610 68
142 612 60
142 612 72
142 614 64
142 614 76
142 616 68
142 618 60
142 618 68
142 618 72
112 600 83
112 600 88
112 600 93
112 600 98
112 602 85
112 602 95
112 604 90
112 606 83
112 606 92
112 608 80
112 608 88
112 608 97
112 610 90
112 612 82
112 612 92
112 614 80
112 614 87
112 614 97
169 600 102
121 600 281
134 600 562
163 620 5
110 620 162
110 620 167
110 620 172
110 620 177
138 620 343
138 620 353
138 626 340
138 626 347
138 632 340
138 632 347
137 620 581
142 620 663
142 620 670
142 622 660
142 622 664
142 622 671
142 624 660
142 624 667
142 624 674
142 626 663
142 626 670
142 628 660
142 628 664
142 628 671
142 630 660
142 630 667
142 630 674
142 632 663
142 632 670
142 634 660
142 634 664
142 634 671
142 636 660
142 636 667
142 636 674
142 638 663
142 638 670
112 620 683
112 620 688
112 620 693
112 620 698
112 622 685
112 622 695
112 624 690
112 626 683
112 626 692
112 628 680
112 628 688
112 628 697
112 630 690
112 632 682
112 632 692
112 634 680
112 634 687
112 634 697
169 620 705
121 620 882
134 642 160
163 640 602
110 640 763
110 640 769
110 640 775
138 640 942
138 640 951
138 646 940
138 646 951
138 652 940
138 652 947
137 665 180
142 660 261
142 660 266
142 660 271
142 660 276
142 662 260
142 662 264
142 662 268
142 662 272
142 663 276
142 664 260
142 664 264
142 664 268
142 665 272
142 665 276
142 666 260
142 666 264
142 667 268
142 667 272
142 667 276
142 668 260
142 669 264
142 669 268
142 669 272
142 669 276
142 671 260
142 671 264
142 671 268
142 671 272
142 672 276
142 673 260
142 673 264
142 673 268
142 674 272
142 674 276
142 675 260
142 675 264
142 676 268
142 676 272
142 676 276
142 677 260
142 678 264
142 678 268
142 678 272
142 678 276
112 660 282
112 660 286
112 660 290
112 660 294
112 660 298
112 664 284
112 664 292
112 666 282
112 666 290
112 666 298
112 668 288
112 670 284
112 670 292
112 672 280
112 672 290
112 672 298
112 674 288
169 660 305
121 660 485
134 660 762
163 680 204
110 680 364
110 680 371
138 680 542
138 680 551
138 686 540
138 686 547
138 692 540
138 692 547
137 683 780
142 680 864
142 680 872
142 682 864
142 684 860
142 684 868
142 686 860
142 686 872
142 688 864
142 688 876
142 690 868
142 692 860
142 692 872
142 694 864
142 694 876
142 696 868
142 698 860
142 698 868
142 698 872
112 680 884
112 680 890
112 680 896
112 680 898
112 682 892
112 682 894
112 686 880
112 686 886
112 686 896
112 686 898
112 688 892
112 688 894
112 692 880
112 692 886
112 692 896
112 692 898
112 694 892
112 694 894
169 680 905
121 700 85
134 700 362
163 700 802
110 700 965
110 700 973
110 700 976
138 720 144
138 722 151
138 726 140
138 728 147
138 732 140
138 734 147
137 723 380
142 720 462
142 720 468
142 720 474
142 722 462
142 722 474
142 724 460
142 724 472
142 724 476
142 726 468
142 726 472
142 728 464
142 728 468
142 730 460
142 730 464
142 730 476
142 732 460
142 732 472
142 732 476
142 734 468
142 734 472
142 736 464
142 736 468
142 738 460
142 738 464
142 738 468
142 738 476
112 720 482
112 720 486
112 720 490
112 720 494
112 720 498
112 721 484
112 721 492
112 722 480
112 722 496
112 724 488
112 726 486
112 726 494
112 727 482
112 727 490
112 727 498
112 728 484
112 728 496
112 729 492
112 730 488
112 732 480
112 732 494
112 733 486
112 733 498
112 734 484
112 734 496
169 720 505
121 720 683
134 721 960
163 740 404
110 740 561
110 740 565
110 740 569
110 740 573
110 740 577
138 740 741
138 740 749
138 746 740
138 746 747
138 752 740
138 752 747
137 741 980
142 760 64
142 760 72
142 762 64
142 764 60
142 764 68
142 766 60
142 766 72
142 768 64
142 768 76
142 770 68
142 772 60
142 772 72
142 774 64
142 774 76
142 776 68
142 778 60
142 778 68
142 778 72
112 760 83
112 760 88
112 760 93
112 760 98
112 762 85
112 762 95
112 764 90
112 766 83
112 766 92
112 768 80
112 768 88
112 768 97
112 770 90
112 772 82
112 772 92
112 774 80
112 774 87
112 774 97
169 760 102
121 760 281
134 760 562
163 780 5
110 780 162
110 780 167
110 780 172
110 780 177
138 780 343
138 780 353
138 786 340
138 786 347
138 792 340
138 792 347
137 780 581
142 780 663
142 780 670
142 782 660
142 782 664
142 782 671
142 784 660
142 784 667
142 784 674
142 786 663
142 786 670
142 788 660
142 788 664
142 788 671
142 790 660
142 790 667
142 790 674
142 792 663
142 792 670
142 794 660
142 794 664
142 794 671
142 796 660
142 796 667
142 796 674
142 798 663
142 798 670
112 780 683
112 780 688
112 780 693
112 780 698
112 782 685
112 782 695
112 784 690
112 786 683
112 786 692
112 788 680
112 788 688
112 788 697
112 790 690
112 792 682
112 792 692
112 794 680
112 794 687
112 794 697
169 780 705
121 780 882
134 802 160
163 800 602
110 800 763
110 800 769
110 800 775
138 800 942
138 800 951
138 806 940
138 806 951
138 812 940
138 812 947
137 825 180
142 820 261
142 820 266
142 820 271
142 820 276
142 822 260
142 822 264
142 822 268
142 822 272
142 823 276
142 824 260
142 824 264
142 824 268
142 825 272
142 825 276
142 826 260
142 826 264
142 827 268
142 827 272
142 827 276
142 828 260
142 829 264
142 829 268
142 829 272
142 829 276
142 831 260
142 831 264
142 831 268
142 831 272
142 832 276
142 833 260
142 833 264
142 833 268
142 834 272
142 834 276
142 835 260
142 835 264
142 836 268
142 836 272
142 836 276
142 837 260
142 838 264
142 838 268
142 838 272
142 838 276
112 820 282
112 820 286
112 820 290
112 820 294
112 820 298
112 824 284
112 824 292
112 826 282
112 826 290
112 826 298
112 828 288
112 830 284
112 830 292
112 832 280
112 832 290
112 832 298
112 834 288
169 820 305
121 820 485
134 820 762
163 840 204
110 840 364
110 840 371
138 840 542
138 840 551
138 846 540
138 846 547
138 852 540
138 852 547
137 843 780
142 840 864
142 840 872
142 842 864
142 844 860
142 844 868
142 846 860
142 846 872
142 848 864
142 848 876
142 850 868
142 852 860
142 852 872
142 854 864
142 854 876
142 856 868
142 858 860
142 858 868
142 858 872
112 840 884
112 840 890
112 840 896
112 840 898
112 842 892
112 842 894
112 846 880
112 846 886
112 846 896
112 846 898
112 848 892
112 848 894
112 852 880
112 852 886
112 852 896
112 852 898
112 854 892
112 854 894
169 840 905
121 860 85
134 860 362
163 860 802
110 860 965
110 860 973
110 860 976
138 880 144
138 882 151
138 886 140
138 888 147
138 892 140
138 894 147
137 883 380
142 880 462
142 880 468
142 880 474
142 882 462
142 882 474
142 884 460
142 884 472
142 884 476
142 886 468
142 886 472
142 888 464
142 888 468
142 890 460
142 890 464
142 890 476
142 892 460
142 892 472
142 892 476
142 894 468
142 894 472
142 896 464
142 896 468
142 898 460
142 898 464
142 898 468
142 898 476
112 880 482
112 880 486
112 880 490
112 880 494
112 880 498
112 881 484
112 881 492
112 882 480
112 882 496
112 884 488
112 886 486
112 886 494
112 887 482
112 887 490
112 887 498
112 888 484
112 888 496
112 889 492
112 890 488
112 892 480
112 892 494
112 893 486
112 893 498
112 894 484
112 894 496
169 880 505
121 880 683
134 881 960
163 900 404
110 900 561
110 900 565
110 900 569
110 900 573
110 900 577
138 900 741
138 900 749
138 906 740
138 906 747
138 912 740
138 912 747
137 901 980
142 920 64
142 920 72
142 922 64
142 924 60
142 924 68
142 926 60
142 926 72
142 928 64
142 928 76
142 930 68
142 932 60
142 932 72
142 934 64
142 934 76
142 936 68
142 938 60
142 938 68
142 938 72
112 920 83
112 920 88
112 920 93
112 920 98
112 922 85
112 922 95
112 924 90
112 926 83
112 926 92
112 928 80
112 928 88
112 928 97
112 930 90
112 932 82
112 932 92
112 934 80
112 934 87
112 934 97
169 920 102
121 920 281
134 920 562
163 940 5
110 940 162
110 940 167
110 940 172
110 940 177
138 940 343
138 940 353
138 946 340
138 946 347
138 952 340
138 952 347
137 940 581
142 940 663
142 940 670
142 942 660
142 942 664
142 942 671
142 944 660
142 944 667
142 944 674
142 946 663
142 946 670
142 948 660
142 948 664
142 948 671
142 950 660
142 950 667
142 950 674
142 952 663
142 952 670
142 954 660
142 954 664
142 954 671
142 956 660
142 956 667
142 956 674
142 958 663
142 958 670
112 940 683
112 940 688
112 940 693
112 940 698
112 942 685
112 942 695
112 944 690
112 946 683
112 946 692
112 948 680
112 948 688
112 948 697
112 950 690
112 952 682
112 952 692
112 954 680
112 954 687
112 954 697
169 940 705
121 940 882
134 962 160
163 960 602
110 960 763
110 960 769
110 960 775
138 960 942
138 960 951
138 966 940
138 966 951
138 972 940
138 972 947
137 985 180
142 980 261
142 980 266
142 980 271
142 980 276
142 982 260
142 982 264
142 982 268
142 982 272
142 983 276
142 984 260
142 984 264
142 984 268
142 985 272
142 985 276
142 986 260
142 986 264
142 987 268
142 987 272
142 987 276
142 988 260
142 989 264
142 989 268
142 989 272
142 989 276
142 991 260
142 991 264
142 991 268
142 991 272
142 992 276
142 993 260
142 993 264
142 993 268
142 994 272
142 994 276
142 995 260
142 995 264
142 996 268
142 996 272
142 996 276
142 997 260
142 998 264
142 998 268
142 998 272
142 998 276
112 980 282
112 980 286
112 980 290
112 980 294
112 980 298
112 984 284
112 984 292
112 986 282
112 986 290
112 986 298
112 988 288
112 990 284
112 990 292
112 992 280
112 992 290
112 992 298
112 994 288
169 980 305
121 980 485
134 980 762
