5886
62 0 0
41 0 20
41 0 40
18 0 60
46 0 80
33 0 100
15 0 120
15 0 140
53 0 160
83 0 180
2 0 200
3 0 220
7 0 240
69 0 260
7 0 280
46 0 300
53 0 320
16 0 340
20 0 360
47 0 380
12 0 400
47 0 420
57 0 440
15 0 460
20 0 480
28 0 500
47 0 520
44 0 540
15 0 560
84 0 580
53 0 600
53 3 600
73 0 620
46 0 640
69 0 660
57 0 680
35 0 700
59 0 720
75 0 740
75 0 752
18 0 760
75 0 780
44 0 800
69 0 820
15 0 840
66 0 860
3 0 880
3 0 892
5 0 900
15 0 920
47 0 940
83 0 960
18 0 980
18 0 984
15 20 0
15 20 7
15 20 14
15 20 17
15 22 8
15 22 15
15 24 4
15 24 11
15 26 0
15 26 7
15 26 14
15 26 17
15 28 8
15 28 15
15 30 4
15 30 11
15 32 0
15 32 7
15 32 14
15 32 17
15 34 8
15 34 15
15 36 4
15 36 11
15 38 0
15 38 7
15 38 14
75 20 20
73 20 40
28 20 60
13 20 80
55 20 100
84 20 120
84 20 127
84 20 134
84 25 127
84 25 134
84 30 126
84 30 134
84 35 122
84 35 133
42 20 140
15 20 160
53 20 180
19 20 200
46 20 220
69 20 240
15 20 260
20 20 280
20 20 300
2 20 320
28 20 340
44 20 360
47 20 380
84 20 400
44 20 420
64 20 440
64 20 448
64 20 456
64 20 457
64 20 458
64 20 459
64 22 440
28 20 460
3 20 480
53 20 500
3 20 520
15 20 540
15 20 543
73 20 560
69 20 580
69 20 585
69 20 590
69 20 595
69 23 580
84 20 600
59 20 620
28 20 640
73 20 660
15 20 680
69 20 700
73 20 720
75 20 740
69 20 760
28 20 780
55 20 800
28 20 820
69 20 840
66 20 860
57 20 880
47 20 900
75 20 920
62 20 940
83 20 960
47 20 980
62 40 0
41 40 20
41 40 40
18 40 60
46 40 80
33 40 100
15 40 120
15 40 140
53 40 160
83 40 180
2 40 200
2 40 216
3 40 220
7 40 240
69 40 260
7 40 280
46 40 300
53 40 320
16 40 340
16 40 352
20 40 360
47 40 380
12 40 400
47 40 420
57 40 440
15 40 460
20 40 480
20 40 491
28 40 500
47 40 520
44 40 540
15 40 560
84 40 580
84 40 585
53 40 600
53 40 609
53 42 614
53 43 600
53 45 605
53 45 614
53 48 600
53 48 605
53 50 610
53 51 600
53 52 615
53 53 609
53 55 604
53 56 609
53 57 614
73 40 620
46 40 640
69 40 660
57 40 680
35 40 700
59 40 720
59 40 725
59 40 730
59 40 735
59 41 720
59 41 730
59 42 720
59 43 720
59 46 722
59 46 732
59 47 722
59 47 732
59 48 722
59 48 731
59 49 731
59 50 731
59 52 737
59 53 724
59 53 735
59 54 724
59 54 735
75 40 740
18 40 760
75 40 780
44 40 800
69 40 820
15 40 840
66 40 860
3 40 880
5 40 900
15 40 920
47 40 940
83 40 960
18 40 980
15 60 0
75 60 20
73 60 40
73 60 51
73 60 55
73 66 47
73 71 54
28 60 60
13 60 80
55 60 100
84 60 120
42 60 140
42 60 143
15 60 160
53 60 180
53 60 188
53 63 180
53 63 188
19 60 200
46 60 220
69 60 240
15 60 260
20 60 280
20 60 300
2 60 320
28 60 340
44 60 360
47 60 380
84 60 400
44 60 420
64 60 440
28 60 460
3 60 480
53 60 500
3 60 520
15 60 540
73 60 560
69 60 580
84 60 600
59 60 620
28 60 640
73 60 660
15 60 680
69 60 700
73 60 720
75 60 740
69 60 760
28 60 780
55 60 800
55 60 816
28 60 820
69 60 840
66 60 860
57 60 880
47 60 900
75 60 920
62 60 940
62 60 955
83 60 960
47 60 980
62 80 0
41 80 20
41 80 40
18 80 60
46 80 80
46 80 94
33 80 100
15 80 120
15 80 140
53 80 160
83 80 180
83 80 185
2 80 200
2 80 205
2 80 210
2 80 215
2 82 201
2 82 202
2 82 203
2 82 204
2 83 200
2 83 215
2 84 213
2 84 214
2 86 200
2 86 215
2 87 201
2 87 213
2 87 214
2 88 210
2 88 211
2 88 212
2 90 208
2 90 217
2 90 218
2 90 219
2 93 208
2 93 217
2 93 218
2 93 219
2 95 209
2 95 210
2 95 211
2 96 208
3 80 220
7 80 240
69 80 260
7 80 280
46 80 300
53 80 320
53 80 327
53 80 334
53 83 327
53 83 334
53 86 326
53 86 333
53 89 326
53 89 333
53 92 324
53 92 331
53 95 320
53 95 331
16 80 340
20 80 360
47 80 380
12 80 400
47 80 420
57 80 440
15 80 460
20 80 480
28 80 500
47 80 520
44 80 540
15 80 560
84 80 580
53 80 600
73 80 620
46 80 640
46 80 651
46 80 655
46 82 640
46 84 640
46 86 647
46 88 654
69 80 660
57 80 680
35 80 700
59 80 720
75 80 740
75 80 742
18 80 760
75 80 780
75 80 785
75 80 790
75 80 795
75 84 780
44 80 800
69 80 820
15 80 840
66 80 860
3 80 880
5 80 900
15 80 920
47 80 940
83 80 960
18 80 980
15 100 0
75 100 20
73 100 40
28 100 60
13 100 80
55 100 100
84 100 120
42 100 140
15 100 160
53 100 180
19 100 200
46 100 220
69 100 240
15 100 260
20 100 280
20 100 300
2 100 320
28 100 340
44 100 360
47 100 380
84 100 400
84 105 400
44 100 420
64 100 440
28 100 460
3 100 480
53 100 500
3 100 520
15 100 540
15 100 553
73 100 560
69 100 580
84 100 600
59 100 620
28 100 640
73 100 660
15 100 680
15 100 693
69 100 700
73 100 720
75 100 740
69 100 760
28 100 780
28 105 780
55 100 800
55 100 805
55 100 810
55 100 815
55 102 800
55 102 805
55 102 810
55 102 815
55 104 800
55 104 805
55 104 810
55 104 815
55 106 800
55 106 805
55 106 810
55 106 815
55 108 800
55 108 805
55 108 810
55 108 815
55 110 800
55 110 805
55 110 810
55 110 815
55 112 800
55 112 805
55 112 810
55 112 815
55 114 800
55 114 805
55 114 810
55 114 815
55 116 800
55 116 805
55 116 810
55 116 815
55 118 800
55 118 805
55 118 810
55 118 815
28 100 820
69 100 840
66 100 860
57 100 880
47 100 900
75 100 920
75 100 924
75 100 928
75 100 932
75 100 936
75 104 920
75 104 928
75 104 936
75 106 926
75 106 934
75 108 920
75 108 936
75 110 926
75 110 934
75 112 922
75 112 936
75 114 926
75 114 934
62 100 940
83 100 960
47 100 980
62 120 0
41 120 20
41 120 40
18 120 60
46 120 80
33 120 100
15 120 120
15 120 140
53 120 160
83 120 180
2 120 200
3 120 220
7 120 240
7 120 248
7 120 256
7 120 257
7 120 258
7 120 259
7 121 240
69 120 260
7 120 280
46 120 300
53 120 320
16 120 340
16 120 342
20 120 360
47 120 380
47 120 387
47 120 394
12 120 400
47 120 420
57 120 440
15 120 460
20 120 480
28 120 500
47 120 520
44 120 540
15 120 560
84 120 580
53 120 600
73 120 620
46 120 640
69 120 660
57 120 680
35 120 700
59 120 720
75 120 740
18 120 760
75 120 780
44 120 800
69 120 820
15 120 840
66 120 860
3 120 880
5 120 900
15 120 920
47 120 940
83 120 960
18 120 980
15 140 0
15 142 0
75 140 20
73 140 40
28 140 60
13 140 80
55 140 100
84 140 120
42 140 140
42 140 153
15 140 160
53 140 180
19 140 200
46 140 220
69 140 240
15 140 260
20 140 280
20 140 291
20 140 300
2 140 320
28 140 340
44 140 360
47 140 380
47 140 384
84 140 400
84 140 409
84 142 414
84 145 400
84 145 409
84 147 414
84 150 400
84 150 409
84 152 414
84 155 400
44 140 420
64 140 440
28 140 460
3 140 480
53 140 500
3 140 520
3 140 524
3 140 528
3 140 532
3 140 536
3 141 520
3 141 528
3 141 536
3 142 528
3 143 528
3 146 522
3 146 530
3 146 538
3 147 524
3 147 532
3 148 520
3 148 532
3 149 520
3 150 520
3 151 520
3 152 526
3 153 522
3 153 530
3 154 522
3 154 530
3 155 522
15 140 540
73 140 560
69 140 580
84 140 600
59 140 620
28 140 640
73 140 660
15 140 680
69 140 700
73 140 720
75 140 740
69 140 760
28 140 780
55 140 800
28 140 820
69 140 840
69 140 849
69 140 858
69 143 840
69 143 849
69 143 858
69 146 854
66 140 860
57 140 880
47 140 900
75 140 920
62 140 940
62 140 945
83 140 960
47 140 980
47 140 987
47 140 994
62 160 0
41 160 20
41 160 40
18 160 60
46 160 80
33 160 100
15 160 120
15 160 140
53 160 160
83 160 180
2 160 200
3 160 220
7 160 240
69 160 260
7 160 280
46 160 300
53 160 320
16 160 340
20 160 360
47 160 380
12 160 400
47 160 420
57 160 440
15 160 460
20 160 480
28 160 500
47 160 520
44 160 540
15 160 560
84 160 580
53 160 600
53 163 600
73 160 620
46 160 640
69 160 660
57 160 680
35 160 700
59 160 720
75 160 740
75 160 752
18 160 760
75 160 780
44 160 800
69 160 820
15 160 840
66 160 860
3 160 880
3 160 892
5 160 900
15 160 920
47 160 940
83 160 960
18 160 980
18 160 984
15 180 0
15 180 7
15 180 14
15 180 17
15 182 8
15 182 15
15 184 4
15 184 11
15 186 0
15 186 7
15 186 14
15 186 17
15 188 8
15 188 15
15 190 4
15 190 11
15 192 0
15 192 7
15 192 14
15 192 17
15 194 8
15 194 15
15 196 4
15 196 11
15 198 0
15 198 7
15 198 14
75 180 20
73 180 40
28 180 60
13 180 80
55 180 100
84 180 120
84 180 127
84 180 134
84 185 127
84 185 134
84 190 126
84 190 134
84 195 122
84 195 133
42 180 140
15 180 160
53 180 180
19 180 200
46 180 220
69 180 240
15 180 260
20 180 280
20 180 300
2 180 320
28 180 340
44 180 360
47 180 380
84 180 400
44 180 420
64 180 440
64 180 448
64 180 456
64 180 457
64 180 458
64 180 459
64 182 440
28 180 460
3 180 480
53 180 500
3 180 520
15 180 540
15 180 543
73 180 560
69 180 580
69 180 585
69 180 590
69 180 595
69 183 580
84 180 600
59 180 620
28 180 640
73 180 660
15 180 680
69 180 700
73 180 720
75 180 740
69 180 760
28 180 780
55 180 800
28 180 820
69 180 840
66 180 860
57 180 880
47 180 900
75 180 920
62 180 940
83 180 960
47 180 980
62 200 0
41 200 20
41 200 40
18 200 60
46 200 80
33 200 100
15 200 120
15 200 140
53 200 160
83 200 180
2 200 200
2 200 216
3 200 220
7 200 240
69 200 260
7 200 280
46 200 300
53 200 320
16 200 340
16 200 352
20 200 360
47 200 380
12 200 400
47 200 420
57 200 440
15 200 460
20 200 480
20 200 491
28 200 500
47 200 520
44 200 540
15 200 560
84 200 580
84 200 585
53 200 600
53 200 609
53 202 614
53 203 600
53 205 605
53 205 614
53 208 600
53 208 605
53 210 610
53 211 600
53 212 615
53 213 609
53 215 604
53 216 609
53 217 614
73 200 620
46 200 640
69 200 660
57 200 680
35 200 700
59 200 720
59 200 725
59 200 730
59 200 735
59 201 720
59 201 730
59 202 720
59 203 720
59 206 722
59 206 732
59 207 722
59 207 732
59 208 722
59 208 731
59 209 731
59 210 731
59 212 737
59 213 724
59 213 735
59 214 724
59 214 735
75 200 740
18 200 760
75 200 780
44 200 800
69 200 820
15 200 840
66 200 860
3 200 880
5 200 900
15 200 920
47 200 940
83 200 960
18 200 980
15 220 0
75 220 20
73 220 40
73 220 51
73 220 55
73 226 47
73 231 54
28 220 60
13 220 80
55 220 100
84 220 120
42 220 140
42 220 143
15 220 160
53 220 180
53 220 188
53 223 180
53 223 188
19 220 200
46 220 220
69 220 240
15 220 260
20 220 280
20 220 300
2 220 320
28 220 340
44 220 360
47 220 380
84 220 400
44 220 420
64 220 440
28 220 460
3 220 480
53 220 500
3 220 520
15 220 540
73 220 560
69 220 580
84 220 600
59 220 620
28 220 640
73 220 660
15 220 680
69 220 700
73 220 720
75 220 740
69 220 760
28 220 780
55 220 800
55 220 816
28 220 820
69 220 840
66 220 860
57 220 880
47 220 900
75 220 920
62 220 940
62 220 955
83 220 960
47 220 980
62 240 0
41 240 20
41 240 40
18 240 60
46 240 80
46 240 94
33 240 100
15 240 120
15 240 140
53 240 160
83 240 180
83 240 185
2 240 200
2 240 205
2 240 210
2 240 215
2 242 201
2 242 202
2 242 203
2 242 204
2 243 200
2 243 215
2 244 213
2 244 214
2 246 200
2 246 215
2 247 201
2 247 213
2 247 214
2 248 210
2 248 211
2 248 212
2 250 208
2 250 217
2 250 218
2 250 219
2 253 208
2 253 217
2 253 218
2 253 219
2 255 209
2 255 210
2 255 211
2 256 208
3 240 220
7 240 240
69 240 260
7 240 280
46 240 300
53 240 320
53 240 327
53 240 334
53 243 327
53 243 334
53 246 326
53 246 333
53 249 326
53 249 333
53 252 324
53 252 331
53 255 320
53 255 331
16 240 340
20 240 360
47 240 380
12 240 400
47 240 420
57 240 440
15 240 460
20 240 480
28 240 500
47 240 520
44 240 540
15 240 560
84 240 580
53 240 600
73 240 620
46 240 640
46 240 651
46 240 655
46 242 640
46 244 640
46 246 647
46 248 654
69 240 660
57 240 680
35 240 700
59 240 720
75 240 740
75 240 742
18 240 760
75 240 780
75 240 785
75 240 790
75 240 795
75 244 780
44 240 800
69 240 820
15 240 840
66 240 860
3 240 880
5 240 900
15 240 920
47 240 940
83 240 960
18 240 980
15 260 0
75 260 20
73 260 40
28 260 60
13 260 80
55 260 100
84 260 120
42 260 140
15 260 160
53 260 180
19 260 200
46 260 220
69 260 240
15 260 260
20 260 280
20 260 300
2 260 320
28 260 340
44 260 360
47 260 380
84 260 400
84 265 400
44 260 420
64 260 440
28 260 460
3 260 480
53 260 500
3 260 520
15 260 540
15 260 553
73 260 560
69 260 580
84 260 600
59 260 620
28 260 640
73 260 660
15 260 680
15 260 693
69 260 700
73 260 720
75 260 740
69 260 760
28 260 780
28 265 780
55 260 800
55 260 805
55 260 810
55 260 815
55 262 800
55 262 805
55 262 810
55 262 815
55 264 800
55 264 805
55 264 810
55 264 815
55 266 800
55 266 805
55 266 810
55 266 815
55 268 800
55 268 805
55 268 810
55 268 815
55 270 800
55 270 805
55 270 810
55 270 815
55 272 800
55 272 805
55 272 810
55 272 815
55 274 800
55 274 805
55 274 810
55 274 815
55 276 800
55 276 805
55 276 810
55 276 815
55 278 800
55 278 805
55 278 810
55 278 815
28 260 820
69 260 840
66 260 860
57 260 880
47 260 900
75 260 920
75 260 924
75 260 928
75 260 932
75 260 936
75 264 920
75 264 928
75 264 936
75 266 926
75 266 934
75 268 920
75 268 936
75 270 926
75 270 934
75 272 922
75 272 936
75 274 926
75 274 934
62 260 940
83 260 960
47 260 980
62 280 0
41 280 20
41 280 40
18 280 60
46 280 80
33 280 100
15 280 120
15 280 140
53 280 160
83 280 180
2 280 200
3 280 220
7 280 240
7 280 248
7 280 256
7 280 257
7 280 258
7 280 259
7 281 240
69 280 260
7 280 280
46 280 300
53 280 320
16 280 340
16 280 342
20 280 360
47 280 380
47 280 387
47 280 394
12 280 400
47 280 420
57 280 440
15 280 460
20 280 480
28 280 500
47 280 520
44 280 540
15 280 560
84 280 580
53 280 600
73 280 620
46 280 640
69 280 660
57 280 680
35 280 700
59 280 720
75 280 740
18 280 760
75 280 780
44 280 800
69 280 820
15 280 840
66 280 860
3 280 880
5 280 900
15 280 920
47 280 940
83 280 960
18 280 980
15 300 0
15 302 0
75 300 20
73 300 40
28 300 60
13 300 80
55 300 100
84 300 120
42 300 140
42 300 153
15 300 160
53 300 180
19 300 200
46 300 220
69 300 240
15 300 260
20 300 280
20 300 291
20 300 300
2 300 320
28 300 340
44 300 360
47 300 380
47 300 384
84 300 400
84 300 409
84 302 414
84 305 400
84 305 409
84 307 414
84 310 400
84 310 409
84 312 414
84 315 400
44 300 420
64 300 440
28 300 460
3 300 480
53 300 500
3 300 520
3 300 524
3 300 528
3 300 532
3 300 536
3 301 520
3 301 528
3 301 536
3 302 528
3 303 528
3 306 522
3 306 530
3 306 538
3 307 524
3 307 532
3 308 520
3 308 532
3 309 520
3 310 520
3 311 520
3 312 526
3 313 522
3 313 530
3 314 522
3 314 530
3 315 522
15 300 540
73 300 560
69 300 580
84 300 600
59 300 620
28 300 640
73 300 660
15 300 680
69 300 700
73 300 720
75 300 740
69 300 760
28 300 780
55 300 800
28 300 820
69 300 840
69 300 849
69 300 858
69 303 840
69 303 849
69 303 858
69 306 854
66 300 860
57 300 880
47 300 900
75 300 920
62 300 940
62 300 945
83 300 960
47 300 980
47 300 987
47 300 994
62 320 0
41 320 20
41 320 40
18 320 60
46 320 80
33 320 100
15 320 120
15 320 140
53 320 160
83 320 180
2 320 200
3 320 220
7 320 240
69 320 260
7 320 280
46 320 300
53 320 320
16 320 340
20 320 360
47 320 380
12 320 400
47 320 420
57 320 440
15 320 460
20 320 480
28 320 500
47 320 520
44 320 540
15 320 560
84 320 580
53 320 600
53 323 600
73 320 620
46 320 640
69 320 660
57 320 680
35 320 700
59 320 720
75 320 740
75 320 752
18 320 760
75 320 780
44 320 800
69 320 820
15 320 840
66 320 860
3 320 880
3 320 892
5 320 900
15 320 920
47 320 940
83 320 960
18 320 980
18 320 984
15 340 0
15 340 7
15 340 14
15 340 17
15 342 8
15 342 15
15 344 4
15 344 11
15 346 0
15 346 7
15 346 14
15 346 17
15 348 8
15 348 15
15 350 4
15 350 11
15 352 0
15 352 7
15 352 14
15 352 17
15 354 8
15 354 15
15 356 4
15 356 11
15 358 0
15 358 7
15 358 14
75 340 20
73 340 40
28 340 60
13 340 80
55 340 100
84 340 120
84 340 127
84 340 134
84 345 127
84 345 134
84 350 126
84 350 134
84 355 122
84 355 133
42 340 140
15 340 160
53 340 180
19 340 200
46 340 220
69 340 240
15 340 260
20 340 280
20 340 300
2 340 320
28 340 340
44 340 360
47 340 380
84 340 400
44 340 420
64 340 440
64 340 448
64 340 456
64 340 457
64 340 458
64 340 459
64 342 440
28 340 460
3 340 480
53 340 500
3 340 520
15 340 540
15 340 543
73 340 560
69 340 580
69 340 585
69 340 590
69 340 595
69 343 580
84 340 600
59 340 620
28 340 640
73 340 660
15 340 680
69 340 700
73 340 720
75 340 740
69 340 760
28 340 780
55 340 800
28 340 820
69 340 840
66 340 860
57 340 880
47 340 900
75 340 920
62 340 940
83 340 960
47 340 980
62 360 0
41 360 20
41 360 40
18 360 60
46 360 80
33 360 100
15 360 120
15 360 140
53 360 160
83 360 180
2 360 200
2 360 216
3 360 220
7 360 240
69 360 260
7 360 280
46 360 300
53 360 320
16 360 340
16 360 352
20 360 360
47 360 380
12 360 400
47 360 420
57 360 440
15 360 460
20 360 480
20 360 491
28 360 500
47 360 520
44 360 540
15 360 560
84 360 580
84 360 585
53 360 600
53 360 609
53 362 614
53 363 600
53 365 605
53 365 614
53 368 600
53 368 605
53 370 610
53 371 600
53 372 615
53 373 609
53 375 604
53 376 609
53 377 614
73 360 620
46 360 640
69 360 660
57 360 680
35 360 700
59 360 720
59 360 725
59 360 730
59 360 735
59 361 720
59 361 730
59 362 720
59 363 720
59 366 722
59 366 732
59 367 722
59 367 732
59 368 722
59 368 731
59 369 731
59 370 731
59 372 737
59 373 724
59 373 735
59 374 724
59 374 735
75 360 740
18 360 760
75 360 780
44 360 800
69 360 820
15 360 840
66 360 860
3 360 880
5 360 900
15 360 920
47 360 940
83 360 960
18 360 980
15 380 0
75 380 20
73 380 40
73 380 51
73 380 55
73 386 47
73 391 54
28 380 60
13 380 80
55 380 100
84 380 120
42 380 140
42 380 143
15 380 160
53 380 180
53 380 188
53 383 180
53 383 188
19 380 200
46 380 220
69 380 240
15 380 260
20 380 280
20 380 300
2 380 320
28 380 340
44 380 360
47 380 380
84 380 400
44 380 420
64 380 440
28 380 460
3 380 480
53 380 500
3 380 520
15 380 540
73 380 560
69 380 580
84 380 600
59 380 620
28 380 640
73 380 660
15 380 680
69 380 700
73 380 720
75 380 740
69 380 760
28 380 780
55 380 800
55 380 816
28 380 820
69 380 840
66 380 860
57 380 880
47 380 900
75 380 920
62 380 940
62 380 955
83 380 960
47 380 980
62 400 0
41 400 20
41 400 40
18 400 60
46 400 80
46 400 94
33 400 100
15 400 120
15 400 140
53 400 160
83 400 180
83 400 185
2 400 200
2 400 205
2 400 210
2 400 215
2 402 201
2 402 202
2 402 203
2 402 204
2 403 200
2 403 215
2 404 213
2 404 214
2 406 200
2 406 215
2 407 201
2 407 213
2 407 214
2 408 210
2 408 211
2 408 212
2 410 208
2 410 217
2 410 218
2 410 219
2 413 208
2 413 217
2 413 218
2 413 219
2 415 209
2 415 210
2 415 211
2 416 208
3 400 220
7 400 240
69 400 260
7 400 280
46 400 300
53 400 320
53 400 327
53 400 334
53 403 327
53 403 334
53 406 326
53 406 333
53 409 326
53 409 333
53 412 324
53 412 331
53 415 320
53 415 331
16 400 340
20 400 360
47 400 380
12 400 400
47 400 420
57 400 440
15 400 460
20 400 480
28 400 500
47 400 520
44 400 540
15 400 560
84 400 580
53 400 600
73 400 620
46 400 640
46 400 651
46 400 655
46 402 640
46 404 640
46 406 647
46 408 654
69 400 660
57 400 680
35 400 700
59 400 720
75 400 740
75 400 742
18 400 760
75 400 780
75 400 785
75 400 790
75 400 795
75 404 780
44 400 800
69 400 820
15 400 840
66 400 860
3 400 880
5 400 900
15 400 920
47 400 940
83 400 960
18 400 980
15 420 0
75 420 20
73 420 40
28 420 60
13 420 80
55 420 100
84 420 120
42 420 140
15 420 160
53 420 180
19 420 200
46 420 220
69 420 240
15 420 260
20 420 280
20 420 300
2 420 320
28 420 340
44 420 360
47 420 380
84 420 400
84 425 400
44 420 420
64 420 440
28 420 460
3 420 480
53 420 500
3 420 520
15 420 540
15 420 553
73 420 560
69 420 580
84 420 600
59 420 620
28 420 640
73 420 660
15 420 680
15 420 693
69 420 700
73 420 720
75 420 740
69 420 760
28 420 780
28 425 780
55 420 800
55 420 805
55 420 810
55 420 815
55 422 800
55 422 805
55 422 810
55 422 815
55 424 800
55 424 805
55 424 810
55 424 815
55 426 800
55 426 805
55 426 810
55 426 815
55 428 800
55 428 805
55 428 810
55 428 815
55 430 800
55 430 805
55 430 810
55 430 815
55 432 800
55 432 805
55 432 810
55 432 815
55 434 800
55 434 805
55 434 810
55 434 815
55 436 800
55 436 805
55 436 810
55 436 815
55 438 800
55 438 805
55 438 810
55 438 815
28 420 820
69 420 840
66 420 860
57 420 880
47 420 900
75 420 920
75 420 924
75 420 928
75 420 932
75 420 936
75 424 920
75 424 928
75 424 936
75 426 926
75 426 934
75 428 920
75 428 936
75 430 926
75 430 934
75 432 922
75 432 936
75 434 926
75 434 934
62 420 940
83 420 960
47 420 980
62 440 0
41 440 20
41 440 40
18 440 60
46 440 80
33 440 100
15 440 120
15 440 140
53 440 160
83 440 180
2 440 200
3 440 220
7 440 240
7 440 248
7 440 256
7 440 257
7 440 258
7 440 259
7 441 240
69 440 260
7 440 280
46 440 300
53 440 320
16 440 340
16 440 342
20 440 360
47 440 380
47 440 387
47 440 394
12 440 400
47 440 420
57 440 440
15 440 460
20 440 480
28 440 500
47 440 520
44 440 540
15 440 560
84 440 580
53 440 600
73 440 620
46 440 640
69 440 660
57 440 680
35 440 700
59 440 720
75 440 740
18 440 760
75 440 780
44 440 800
69 440 820
15 440 840
66 440 860
3 440 880
5 440 900
15 440 920
47 440 940
83 440 960
18 440 980
15 460 0
15 462 0
75 460 20
73 460 40
28 460 60
13 460 80
55 460 100
84 460 120
42 460 140
42 460 153
15 460 160
53 460 180
19 460 200
46 460 220
69 460 240
15 460 260
20 460 280
20 460 291
20 460 300
2 460 320
28 460 340
44 460 360
47 460 380
47 460 384
84 460 400
84 460 409
84 462 414
84 465 400
84 465 409
84 467 414
84 470 400
84 470 409
84 472 414
84 475 400
44 460 420
64 460 440
28 460 460
3 460 480
53 460 500
3 460 520
3 460 524
3 460 528
3 460 532
3 460 536
3 461 520
3 461 528
3 461 536
3 462 528
3 463 528
3 466 522
3 466 530
3 466 538
3 467 524
3 467 532
3 468 520
3 468 532
3 469 520
3 470 520
3 471 520
3 472 526
3 473 522
3 473 530
3 474 522
3 474 530
3 475 522
15 460 540
73 460 560
69 460 580
84 460 600
59 460 620
28 460 640
73 460 660
15 460 680
69 460 700
73 460 720
75 460 740
69 460 760
28 460 780
55 460 800
28 460 820
69 460 840
69 460 849
69 460 858
69 463 840
69 463 849
69 463 858
69 466 854
66 460 860
57 460 880
47 460 900
75 460 920
62 460 940
62 460 945
83 460 960
47 460 980
47 460 987
47 460 994
62 480 0
41 480 20
41 480 40
18 480 60
46 480 80
33 480 100
15 480 120
15 480 140
53 480 160
83 480 180
2 480 200
3 480 220
7 480 240
69 480 260
7 480 280
46 480 300
53 480 320
16 480 340
20 480 360
47 480 380
12 480 400
47 480 420
57 480 440
15 480 460
20 480 480
28 480 500
47 480 520
44 480 540
15 480 560
84 480 580
53 480 600
53 483 600
73 480 620
46 480 640
69 480 660
57 480 680
35 480 700
59 480 720
75 480 740
75 480 752
18 480 760
75 480 780
44 480 800
69 480 820
15 480 840
66 480 860
3 480 880
3 480 892
5 480 900
15 480 920
47 480 940
83 480 960
18 480 980
18 480 984
15 500 0
15 500 7
15 500 14
15 500 17
15 502 8
15 502 15
15 504 4
15 504 11
15 506 0
15 506 7
15 506 14
15 506 17
15 508 8
15 508 15
15 510 4
15 510 11
15 512 0
15 512 7
15 512 14
15 512 17
15 514 8
15 514 15
15 516 4
15 516 11
15 518 0
15 518 7
15 518 14
75 500 20
73 500 40
28 500 60
13 500 80
55 500 100
84 500 120
84 500 127
84 500 134
84 505 127
84 505 134
84 510 126
84 510 134
84 515 122
84 515 133
42 500 140
15 500 160
53 500 180
19 500 200
46 500 220
69 500 240
15 500 260
20 500 280
20 500 300
2 500 320
28 500 340
44 500 360
47 500 380
84 500 400
44 500 420
64 500 440
64 500 448
64 500 456
64 500 457
64 500 458
64 500 459
64 502 440
28 500 460
3 500 480
53 500 500
3 500 520
15 500 540
15 500 543
73 500 560
69 500 580
69 500 585
69 500 590
69 500 595
69 503 580
84 500 600
59 500 620
28 500 640
73 500 660
15 500 680
69 500 700
73 500 720
75 500 740
69 500 760
28 500 780
55 500 800
28 500 820
69 500 840
66 500 860
57 500 880
47 500 900
75 500 920
62 500 940
83 500 960
47 500 980
62 520 0
41 520 20
41 520 40
18 520 60
46 520 80
33 520 100
15 520 120
15 520 140
53 520 160
83 520 180
2 520 200
2 520 216
3 520 220
7 520 240
69 520 260
7 520 280
46 520 300
53 520 320
16 520 340
16 520 352
20 520 360
47 520 380
12 520 400
47 520 420
57 520 440
15 520 460
20 520 480
20 520 491
28 520 500
47 520 520
44 520 540
15 520 560
84 520 580
84 520 585
53 520 600
53 520 609
53 522 614
53 523 600
53 525 605
53 525 614
53 528 600
53 528 605
53 530 610
53 531 600
53 532 615
53 533 609
53 535 604
53 536 609
53 537 614
73 520 620
46 520 640
69 520 660
57 520 680
35 520 700
59 520 720
59 520 725
59 520 730
59 520 735
59 521 720
59 521 730
59 522 720
59 523 720
59 526 722
59 526 732
59 527 722
59 527 732
59 528 722
59 528 731
59 529 731
59 530 731
59 532 737
59 533 724
59 533 735
59 534 724
59 534 735
75 520 740
18 520 760
75 520 780
44 520 800
69 520 820
15 520 840
66 520 860
3 520 880
5 520 900
15 520 920
47 520 940
83 520 960
18 520 980
15 540 0
75 540 20
73 540 40
73 540 51
73 540 55
73 546 47
73 551 54
28 540 60
13 540 80
55 540 100
84 540 120
42 540 140
42 540 143
15 540 160
53 540 180
53 540 188
53 543 180
53 543 188
19 540 200
46 540 220
69 540 240
15 540 260
20 540 280
20 540 300
2 540 320
28 540 340
44 540 360
47 540 380
84 540 400
44 540 420
64 540 440
28 540 460
3 540 480
53 540 500
3 540 520
15 540 540
73 540 560
69 540 580
84 540 600
59 540 620
28 540 640
73 540 660
15 540 680
69 540 700
73 540 720
75 540 740
69 540 760
28 540 780
55 540 800
55 540 816
28 540 820
69 540 840
66 540 860
57 540 880
47 540 900
75 540 920
62 540 940
62 540 955
83 540 960
47 540 980
62 560 0
41 560 20
41 560 40
18 560 60
46 560 80
46 560 94
33 560 100
15 560 120
15 560 140
53 560 160
83 560 180
83 560 185
2 560 200
2 560 205
2 560 210
2 560 215
2 562 201
2 562 202
2 562 203
2 562 204
2 563 200
2 563 215
2 564 213
2 564 214
2 566 200
2 566 215
2 567 201
2 567 213
2 567 214
2 568 210
2 568 211
2 568 212
2 570 208
2 570 217
2 570 218
2 570 219
2 573 208
2 573 217
2 573 218
2 573 219
2 575 209
2 575 210
2 575 211
2 576 208
3 560 220
7 560 240
69 560 260
7 560 280
46 560 300
53 560 320
53 560 327
53 560 334
53 563 327
53 563 334
53 566 326
53 566 333
53 569 326
53 569 333
53 572 324
53 572 331
53 575 320
53 575 331
16 560 340
20 560 360
47 560 380
12 560 400
47 560 420
57 560 440
15 560 460
20 560 480
28 560 500
47 560 520
44 560 540
15 560 560
84 560 580
53 560 600
73 560 620
46 560 640
46 560 651
46 560 655
46 562 640
46 564 640
46 566 647
46 568 654
69 560 660
57 560 680
35 560 700
59 560 720
75 560 740
75 560 742
18 560 760
75 560 780
75 560 785
75 560 790
75 560 795
75 564 780
44 560 800
69 560 820
15 560 840
66 560 860
3 560 880
5 560 900
15 560 920
47 560 940
83 560 960
18 560 980
15 580 0
75 580 20
73 580 40
28 580 60
13 580 80
55 580 100
84 580 120
42 580 140
15 580 160
53 580 180
19 580 200
46 580 220
69 580 240
15 580 260
20 580 280
20 580 300
2 580 320
28 580 340
44 580 360
47 580 380
84 580 400
84 585 400
44 580 420
64 580 440
28 580 460
3 580 480
53 580 500
3 580 520
15 580 540
15 580 553
73 580 560
69 580 580
84 580 600
59 580 620
28 580 640
73 580 660
15 580 680
15 580 693
69 580 700
73 580 720
75 580 740
69 580 760
28 580 780
28 585 780
55 580 800
55 580 805
55 580 810
55 580 815
55 582 800
55 582 805
55 582 810
55 582 815
55 584 800
55 584 805
55 584 810
55 584 815
55 586 800
55 586 805
55 586 810
55 586 815
55 588 800
55 588 805
55 588 810
55 588 815
55 590 800
55 590 805
55 590 810
55 590 815
55 592 800
55 592 805
55 592 810
55 592 815
55 594 800
55 594 805
55 594 810
55 594 815
55 596 800
55 596 805
55 596 810
55 596 815
55 598 800
55 598 805
55 598 810
55 598 815
28 580 820
69 580 840
66 580 860
57 580 880
47 580 900
75 580 920
75 580 924
75 580 928
75 580 932
75 580 936
75 584 920
75 584 928
75 584 936
75 586 926
75 586 934
75 588 920
75 588 936
75 590 926
75 590 934
75 592 922
75 592 936
75 594 926
75 594 934
62 580 940
83 580 960
47 580 980
62 600 0
41 600 20
41 600 40
18 600 60
46 600 80
33 600 100
15 600 120
15 600 140
53 600 160
83 600 180
2 600 200
3 600 220
7 600 240
7 600 248
7 600 256
7 600 257
7 600 258
7 600 259
7 601 240
69 600 260
7 600 280
46 600 300
53 600 320
16 600 340
16 600 342
20 600 360
47 600 380
47 600 387
47 600 394
12 600 400
47 600 420
57 600 440
15 600 460
20 600 480
28 600 500
47 600 520
44 600 540
15 600 560
84 600 580
53 600 600
73 600 620
46 600 640
69 600 660
57 600 680
35 600 700
59 600 720
75 600 740
18 600 760
75 600 780
44 600 800
69 600 820
15 600 840
66 600 860
3 600 880
5 600 900
15 600 920
47 600 940
83 600 960
18 600 980
15 620 0
15 622 0
75 620 20
73 620 40
28 620 60
13 620 80
55 620 100
84 620 120
42 620 140
42 620 153
15 620 160
53 620 180
19 620 200
46 620 220
69 620 240
15 620 260
20 620 280
20 620 291
20 620 300
2 620 320
28 620 340
44 620 360
47 620 380
47 620 384
84 620 400
84 620 409
84 622 414
84 625 400
84 625 409
84 627 414
84 630 400
84 630 409
84 632 414
84 635 400
44 620 420
64 620 440
28 620 460
3 620 480
53 620 500
3 620 520
3 620 524
3 620 528
3 620 532
3 620 536
3 621 520
3 621 528
3 621 536
3 622 528
3 623 528
3 626 522
3 626 530
3 626 538
3 627 524
3 627 532
3 628 520
3 628 532
3 629 520
3 630 520
3 631 520
3 632 526
3 633 522
3 633 530
3 634 522
3 634 530
3 635 522
15 620 540
73 620 560
69 620 580
84 620 600
59 620 620
28 620 640
73 620 660
15 620 680
69 620 700
73 620 720
75 620 740
69 620 760
28 620 780
55 620 800
28 620 820
69 620 840
69 620 849
69 620 858
69 623 840
69 623 849
69 623 858
69 626 854
66 620 860
57 620 880
47 620 900
75 620 920
62 620 940
62 620 945
83 620 960
47 620 980
47 620 987
47 620 994
62 640 0
41 640 20
41 640 40
18 640 60
46 640 80
33 640 100
15 640 120
15 640 140
53 640 160
83 640 180
2 640 200
3 640 220
7 640 240
69 640 260
7 640 280
46 640 300
53 640 320
16 640 340
20 640 360
47 640 380
12 640 400
47 640 420
57 640 440
15 640 460
20 640 480
28 640 500
47 640 520
44 640 540
15 640 560
84 640 580
53 640 600
53 643 600
73 640 620
46 640 640
69 640 660
57 640 680
35 640 700
59 640 720
75 640 740
75 640 752
18 640 760
75 640 780
44 640 800
69 640 820
15 640 840
66 640 860
3 640 880
3 640 892
5 640 900
15 640 920
47 640 940
83 640 960
18 640 980
18 640 984
15 660 0
15 660 7
15 660 14
15 660 17
15 662 8
15 662 15
15 664 4
15 664 11
15 666 0
15 666 7
15 666 14
15 666 17
15 668 8
15 668 15
15 670 4
15 670 11
15 672 0
15 672 7
15 672 14
15 672 17
15 674 8
15 674 15
15 676 4
15 676 11
15 678 0
15 678 7
15 678 14
75 660 20
73 660 40
28 660 60
13 660 80
55 660 100
84 660 120
84 660 127
84 660 134
84 665 127
84 665 134
84 670 126
84 670 134
84 675 122
84 675 133
42 660 140
15 660 160
53 660 180
19 660 200
46 660 220
69 660 240
15 660 260
20 660 280
20 660 300
2 660 320
28 660 340
44 660 360
47 660 380
84 660 400
44 660 420
64 660 440
64 660 448
64 660 456
64 660 457
64 660 458
64 660 459
64 662 440
28 660 460
3 660 480
53 660 500
3 660 520
15 660 540
15 660 543
73 660 560
69 660 580
69 660 585
69 660 590
69 660 595
69 663 580
84 660 600
59 660 620
28 660 640
73 660 660
15 660 680
69 660 700
73 660 720
75 660 740
69 660 760
28 660 780
55 660 800
28 660 820
69 660 840
66 660 860
57 660 880
47 660 900
75 660 920
62 660 940
83 660 960
47 660 980
62 680 0
41 680 20
41 680 40
18 680 60
46 680 80
33 680 100
15 680 120
15 680 140
53 680 160
83 680 180
2 680 200
2 680 216
3 680 220
7 680 240
69 680 260
7 680 280
46 680 300
53 680 320
16 680 340
16 680 352
20 680 360
47 680 380
12 680 400
47 680 420
57 680 440
15 680 460
20 680 480
20 680 491
28 680 500
47 680 520
44 680 540
15 680 560
84 680 580
84 680 585
53 680 600
53 680 609
53 682 614
53 683 600
53 685 605
53 685 614
53 688 600
53 688 605
53 690 610
53 691 600
53 692 615
53 693 609
53 695 604
53 696 609
53 697 614
73 680 620
46 680 640
69 680 660
57 680 680
35 680 700
59 680 720
59 680 725
59 680 730
59 680 735
59 681 720
59 681 730
59 682 720
59 683 720
59 686 722
59 686 732
59 687 722
59 687 732
59 688 722
59 688 731
59 689 731
59 690 731
59 692 737
59 693 724
59 693 735
59 694 724
59 694 735
75 680 740
18 680 760
75 680 780
44 680 800
69 680 820
15 680 840
66 680 860
3 680 880
5 680 900
15 680 920
47 680 940
83 680 960
18 680 980
15 700 0
75 700 20
73 700 40
73 700 51
73 700 55
73 706 47
73 711 54
28 700 60
13 700 80
55 700 100
84 700 120
42 700 140
42 700 143
15 700 160
53 700 180
53 700 188
53 703 180
53 703 188
19 700 200
46 700 220
69 700 240
15 700 260
20 700 280
20 700 300
2 700 320
28 700 340
44 700 360
47 700 380
84 700 400
44 700 420
64 700 440
28 700 460
3 700 480
53 700 500
3 700 520
15 700 540
73 700 560
69 700 580
84 700 600
59 700 620
28 700 640
73 700 660
15 700 680
69 700 700
73 700 720
75 700 740
69 700 760
28 700 780
55 700 800
55 700 816
28 700 820
69 700 840
66 700 860
57 700 880
47 700 900
75 700 920
62 700 940
62 700 955
83 700 960
47 700 980
62 720 0
41 720 20
41 720 40
18 720 60
46 720 80
46 720 94
33 720 100
15 720 120
15 720 140
53 720 160
83 720 180
83 720 185
2 720 200
2 720 205
2 720 210
2 720 215
2 722 201
2 722 202
2 722 203
2 722 204
2 723 200
2 723 215
2 724 213
2 724 214
2 726 200
2 726 215
2 727 201
2 727 213
2 727 214
2 728 210
2 728 211
2 728 212
2 730 208
2 730 217
2 730 218
2 730 219
2 733 208
2 733 217
2 733 218
2 733 219
2 735 209
2 735 210
2 735 211
2 736 208
3 720 220
7 720 240
69 720 260
7 720 280
46 720 300
53 720 320
53 720 327
53 720 334
53 723 327
53 723 334
53 726 326
53 726 333
53 729 326
53 729 333
53 732 324
53 732 331
53 735 320
53 735 331
16 720 340
20 720 360
47 720 380
12 720 400
47 720 420
57 720 440
15 720 460
20 720 480
28 720 500
47 720 520
44 720 540
15 720 560
84 720 580
53 720 600
73 720 620
46 720 640
46 720 651
46 720 655
46 722 640
46 724 640
46 726 647
46 728 654
69 720 660
57 720 680
35 720 700
59 720 720
75 720 740
75 720 742
18 720 760
75 720 780
75 720 785
75 720 790
75 720 795
75 724 780
44 720 800
69 720 820
15 720 840
66 720 860
3 720 880
5 720 900
15 720 920
47 720 940
83 720 960
18 720 980
15 740 0
75 740 20
73 740 40
28 740 60
13 740 80
55 740 100
84 740 120
42 740 140
15 740 160
53 740 180
19 740 200
46 740 220
69 740 240
15 740 260
20 740 280
20 740 300
2 740 320
28 740 340
44 740 360
47 740 380
84 740 400
84 745 400
44 740 420
64 740 440
28 740 460
3 740 480
53 740 500
3 740 520
15 740 540
15 740 553
73 740 560
69 740 580
84 740 600
59 740 620
28 740 640
73 740 660
15 740 680
15 740 693
69 740 700
73 740 720
75 740 740
69 740 760
28 740 780
28 745 780
55 740 800
55 740 805
55 740 810
55 740 815
55 742 800
55 742 805
55 742 810
55 742 815
55 744 800
55 744 805
55 744 810
55 744 815
55 746 800
55 746 805
55 746 810
55 746 815
55 748 800
55 748 805
55 748 810
55 748 815
55 750 800
55 750 805
55 750 810
55 750 815
55 752 800
55 752 805
55 752 810
55 752 815
55 754 800
55 754 805
55 754 810
55 754 815
55 756 800
55 756 805
55 756 810
55 756 815
55 758 800
55 758 805
55 758 810
55 758 815
28 740 820
69 740 840
66 740 860
57 740 880
47 740 900
75 740 920
75 740 924
75 740 928
75 740 932
75 740 936
75 744 920
75 744 928
75 744 936
75 746 926
75 746 934
75 748 920
75 748 936
75 750 926
75 750 934
75 752 922
75 752 936
75 754 926
75 754 934
62 740 940
83 740 960
47 740 980
62 760 0
41 760 20
41 760 40
18 760 60
46 760 80
33 760 100
15 760 120
15 760 140
53 760 160
83 760 180
2 760 200
3 760 220
7 760 240
7 760 248
7 760 256
7 760 257
7 760 258
7 760 259
7 761 240
69 760 260
7 760 280
46 760 300
53 760 320
16 760 340
16 760 342
20 760 360
47 760 380
47 760 387
47 760 394
12 760 400
47 760 420
57 760 440
15 760 460
20 760 480
28 760 500
47 760 520
44 760 540
15 760 560
84 760 580
53 760 600
73 760 620
46 760 640
69 760 660
57 760 680
35 760 700
59 760 720
75 760 740
18 760 760
75 760 780
44 760 800
69 760 820
15 760 840
66 760 860
3 760 880
5 760 900
15 760 920
47 760 940
83 760 960
18 760 980
15 780 0
15 782 0
75 780 20
73 780 40
28 780 60
13 780 80
55 780 100
84 780 120
42 780 140
42 780 153
15 780 160
53 780 180
19 780 200
46 780 220
69 780 240
15 780 260
20 780 280
20 780 291
20 780 300
2 780 320
28 780 340
44 780 360
47 780 380
47 780 384
84 780 400
84 780 409
84 782 414
84 785 400
84 785 409
84 787 414
84 790 400
84 790 409
84 792 414
84 795 400
44 780 420
64 780 440
28 780 460
3 780 480
53 780 500
3 780 520
3 780 524
3 780 528
3 780 532
3 780 536
3 781 520
3 781 528
3 781 536
3 782 528
3 783 528
3 786 522
3 786 530
3 786 538
3 787 524
3 787 532
3 788 520
3 788 532
3 789 520
3 790 520
3 791 520
3 792 526
3 793 522
3 793 530
3 794 522
3 794 530
3 795 522
15 780 540
73 780 560
69 780 580
84 780 600
59 780 620
28 780 640
73 780 660
15 780 680
69 780 700
73 780 720
75 780 740
69 780 760
28 780 780
55 780 800
28 780 820
69 780 840
69 780 849
69 780 858
69 783 840
69 783 849
69 783 858
69 786 854
66 780 860
57 780 880
47 780 900
75 780 920
62 780 940
62 780 945
83 780 960
47 780 980
47 780 987
47 780 994
62 800 0
41 800 20
41 800 40
18 800 60
46 800 80
33 800 100
15 800 120
15 800 140
53 800 160
83 800 180
2 800 200
3 800 220
7 800 240
69 800 260
7 800 280
46 800 300
53 800 320
16 800 340
20 800 360
47 800 380
12 800 400
47 800 420
57 800 440
15 800 460
20 800 480
28 800 500
47 800 520
44 800 540
15 800 560
84 800 580
53 800 600
53 803 600
73 800 620
46 800 640
69 800 660
57 800 680
35 800 700
59 800 720
75 800 740
75 800 752
18 800 760
75 800 780
44 800 800
69 800 820
15 800 840
66 800 860
3 800 880
3 800 892
5 800 900
15 800 920
47 800 940
83 800 960
18 800 980
18 800 984
15 820 0
15 820 7
15 820 14
15 820 17
15 822 8
15 822 15
15 824 4
15 824 11
15 826 0
15 826 7
15 826 14
15 826 17
15 828 8
15 828 15
15 830 4
15 830 11
15 832 0
15 832 7
15 832 14
15 832 17
15 834 8
15 834 15
15 836 4
15 836 11
15 838 0
15 838 7
15 838 14
75 820 20
73 820 40
28 820 60
13 820 80
55 820 100
84 820 120
84 820 127
84 820 134
84 825 127
84 825 134
84 830 126
84 830 134
84 835 122
84 835 133
42 820 140
15 820 160
53 820 180
19 820 200
46 820 220
69 820 240
15 820 260
20 820 280
20 820 300
2 820 320
28 820 340
44 820 360
47 820 380
84 820 400
44 820 420
64 820 440
64 820 448
64 820 456
64 820 457
64 820 458
64 820 459
64 822 440
28 820 460
3 820 480
53 820 500
3 820 520
15 820 540
15 820 543
73 820 560
69 820 580
69 820 585
69 820 590
69 820 595
69 823 580
84 820 600
59 820 620
28 820 640
73 820 660
15 820 680
69 820 700
73 820 720
75 820 740
69 820 760
28 820 780
55 820 800
28 820 820
69 820 840
66 820 860
57 820 880
47 820 900
75 820 920
62 820 940
83 820 960
47 820 980
62 840 0
41 840 20
41 840 40
18 840 60
46 840 80
33 840 100
15 840 120
15 840 140
53 840 160
83 840 180
2 840 200
2 840 216
3 840 220
7 840 240
69 840 260
7 840 280
46 840 300
53 840 320
16 840 340
16 840 352
20 840 360
47 840 380
12 840 400
47 840 420
57 840 440
15 840 460
20 840 480
20 840 491
28 840 500
47 840 520
44 840 540
15 840 560
84 840 580
84 840 585
53 840 600
53 840 609
53 842 614
53 843 600
53 845 605
53 845 614
53 848 600
53 848 605
53 850 610
53 851 600
53 852 615
53 853 609
53 855 604
53 856 609
53 857 614
73 840 620
46 840 640
69 840 660
57 840 680
35 840 700
59 840 720
59 840 725
59 840 730
59 840 735
59 841 720
59 841 730
59 842 720
59 843 720
59 846 722
59 846 732
59 847 722
59 847 732
59 848 722
59 848 731
59 849 731
59 850 731
59 852 737
59 853 724
59 853 735
59 854 724
59 854 735
75 840 740
18 840 760
75 840 780
44 840 800
69 840 820
15 840 840
66 840 860
3 840 880
5 840 900
15 840 920
47 840 940
83 840 960
18 840 980
15 860 0
75 860 20
73 860 40
73 860 51
73 860 55
73 866 47
73 871 54
28 860 60
13 860 80
55 860 100
84 860 120
42 860 140
42 860 143
15 860 160
53 860 180
53 860 188
53 863 180
53 863 188
19 860 200
46 860 220
69 860 240
15 860 260
20 860 280
20 860 300
2 860 320
28 860 340
44 860 360
47 860 380
84 860 400
44 860 420
64 860 440
28 860 460
3 860 480
53 860 500
3 860 520
15 860 540
73 860 560
69 860 580
84 860 600
59 860 620
28 860 640
73 860 660
15 860 680
69 860 700
73 860 720
75 860 740
69 860 760
28 860 780
55 860 800
55 860 816
28 860 820
69 860 840
66 860 860
57 860 880
47 860 900
75 860 920
62 860 940
62 860 955
83 860 960
47 860 980
62 880 0
41 880 20
41 880 40
18 880 60
46 880 80
46 880 94
33 880 100
15 880 120
15 880 140
53 880 160
83 880 180
83 880 185
2 880 200
2 880 205
2 880 210
2 880 215
2 882 201
2 882 202
2 882 203
2 882 204
2 883 200
2 883 215
2 884 213
2 884 214
2 886 200
2 886 215
2 887 201
2 887 213
2 887 214
2 888 210
2 888 211
2 888 212
2 890 208
2 890 217
2 890 218
2 890 219
2 893 208
2 893 217
2 893 218
2 893 219
2 895 209
2 895 210
2 895 211
2 896 208
3 880 220
7 880 240
69 880 260
7 880 280
46 880 300
53 880 320
53 880 327
53 880 334
53 883 327
53 883 334
53 886 326
53 886 333
53 889 326
53 889 333
53 892 324
53 892 331
53 895 320
53 895 331
16 880 340
20 880 360
47 880 380
12 880 400
47 880 420
57 880 440
15 880 460
20 880 480
28 880 500
47 880 520
44 880 540
15 880 560
84 880 580
53 880 600
73 880 620
46 880 640
46 880 651
46 880 655
46 882 640
46 884 640
46 886 647
46 888 654
69 880 660
57 880 680
35 880 700
59 880 720
75 880 740
75 880 742
18 880 760
75 880 780
75 880 785
75 880 790
75 880 795
75 884 780
44 880 800
69 880 820
15 880 840
66 880 860
3 880 880
5 880 900
15 880 920
47 880 940
83 880 960
18 880 980
15 900 0
75 900 20
73 900 40
28 900 60
13 900 80
55 900 100
84 900 120
42 900 140
15 900 160
53 900 180
19 900 200
46 900 220
69 900 240
15 900 260
20 900 280
20 900 300
2 900 320
28 900 340
44 900 360
47 900 380
84 900 400
84 905 400
44 900 420
64 900 440
28 900 460
3 900 480
53 900 500
3 900 520
15 900 540
15 900 553
73 900 560
69 900 580
84 900 600
59 900 620
28 900 640
73 900 660
15 900 680
15 900 693
69 900 700
73 900 720
75 900 740
69 900 760
28 900 780
28 905 780
55 900 800
55 900 805
55 900 810
55 900 815
55 902 800
55 902 805
55 902 810
55 902 815
55 904 800
55 904 805
55 904 810
55 904 815
55 906 800
55 906 805
55 906 810
55 906 815
55 908 800
55 908 805
55 908 810
55 908 815
55 910 800
55 910 805
55 910 810
55 910 815
55 912 800
55 912 805
55 912 810
55 912 815
55 914 800
55 914 805
55 914 810
55 914 815
55 916 800
55 916 805
55 916 810
55 916 815
55 918 800
55 918 805
55 918 810
55 918 815
28 900 820
69 900 840
66 900 860
57 900 880
47 900 900
75 900 920
75 900 924
75 900 928
75 900 932
75 900 936
75 904 920
75 904 928
75 904 936
75 906 926
75 906 934
75 908 920
75 908 936
75 910 926
75 910 934
75 912 922
75 912 936
75 914 926
75 914 934
62 900 940
83 900 960
47 900 980
62 920 0
41 920 20
41 920 40
18 920 60
46 920 80
33 920 100
15 920 120
15 920 140
53 920 160
83 920 180
2 920 200
3 920 220
7 920 240
7 920 248
7 920 256
7 920 257
7 920 258
7 920 259
7 921 240
69 920 260
7 920 280
46 920 300
53 920 320
16 920 340
16 920 342
20 920 360
47 920 380
47 920 387
47 920 394
12 920 400
47 920 420
57 920 440
15 920 460
20 920 480
28 920 500
47 920 520
44 920 540
15 920 560
84 920 580
53 920 600
73 920 620
46 920 640
69 920 660
57 920 680
35 920 700
59 920 720
75 920 740
18 920 760
75 920 780
44 920 800
69 920 820
15 920 840
66 920 860
3 920 880
5 920 900
15 920 920
47 920 940
83 920 960
18 920 980
15 940 0
15 942 0
75 940 20
73 940 40
28 940 60
13 940 80
55 940 100
84 940 120
42 940 140
42 940 153
15 940 160
53 940 180
19 940 200
46 940 220
69 940 240
15 940 260
20 940 280
20 940 291
20 940 300
2 940 320
28 940 340
44 940 360
47 940 380
47 940 384
84 940 400
84 940 409
84 942 414
84 945 400
84 945 409
84 947 414
84 950 400
84 950 409
84 952 414
84 955 400
44 940 420
64 940 440
28 940 460
3 940 480
53 940 500
3 940 520
3 940 524
3 940 528
3 940 532
3 940 536
3 941 520
3 941 528
3 941 536
3 942 528
3 943 528
3 946 522
3 946 530
3 946 538
3 947 524
3 947 532
3 948 520
3 948 532
3 949 520
3 950 520
3 951 520
3 952 526
3 953 522
3 953 530
3 954 522
3 954 530
3 955 522
15 940 540
73 940 560
69 940 580
84 940 600
59 940 620
28 940 640
73 940 660
15 940 680
69 940 700
73 940 720
75 940 740
69 940 760
28 940 780
55 940 800
28 940 820
69 940 840
69 940 849
69 940 858
69 943 840
69 943 849
69 943 858
69 946 854
66 940 860
57 940 880
47 940 900
75 940 920
62 940 940
62 940 945
83 940 960
47 940 980
47 940 987
47 940 994
62 960 0
41 960 20
41 960 40
18 960 60
46 960 80
33 960 100
15 960 120
15 960 140
53 960 160
83 960 180
2 960 200
3 960 220
7 960 240
69 960 260
7 960 280
46 960 300
53 960 320
16 960 340
20 960 360
47 960 380
12 960 400
47 960 420
57 960 440
15 960 460
20 960 480
28 960 500
47 960 520
44 960 540
15 960 560
84 960 580
53 960 600
53 963 600
73 960 620
46 960 640
69 960 660
57 960 680
35 960 700
59 960 720
75 960 740
75 960 752
18 960 760
75 960 780
44 960 800
69 960 820
15 960 840
66 960 860
3 960 880
3 960 892
5 960 900
15 960 920
47 960 940
83 960 960
18 960 980
18 960 984
15 980 0
15 980 7
15 980 14
15 980 17
15 982 8
15 982 15
15 984 4
15 984 11
15 986 0
15 986 7
15 986 14
15 986 17
15 988 8
15 988 15
15 990 4
15 990 11
15 992 0
15 992 7
15 992 14
15 992 17
15 994 8
15 994 15
15 996 4
15 996 11
15 998 0
15 998 7
15 998 14
75 980 20
73 980 40
28 980 60
13 980 80
55 980 100
84 980 120
84 980 127
84 980 134
84 985 127
84 985 134
84 990 126
84 990 134
84 995 122
84 995 133
42 980 140
15 980 160
53 980 180
19 980 200
46 980 220
69 980 240
15 980 260
20 980 280
20 980 300
2 980 320
28 980 340
44 980 360
47 980 380
84 980 400
44 980 420
64 980 440
64 980 448
64 980 456
64 980 457
64 980 458
64 980 459
64 982 440
28 980 460
3 980 480
53 980 500
3 980 520
15 980 540
15 980 543
73 980 560
69 980 580
69 980 585
69 980 590
69 980 595
69 983 580
84 980 600
59 980 620
28 980 640
73 980 660
15 980 680
69 980 700
73 980 720
75 980 740
69 980 760
28 980 780
55 980 800
28 980 820
69 980 840
66 980 860
57 980 880
47 980 900
75 980 920
62 980 940
83 980 960
47 980 980
121 0 605
163 0 742
169 0 882
134 3 980
142 20 3
142 20 10
142 22 0
142 22 4
142 22 11
142 24 0
142 24 7
142 24 14
142 26 3
142 26 10
142 28 0
142 28 4
142 28 11
142 30 0
142 30 7
142 30 14
142 32 3
142 32 10
142 34 0
142 34 4
142 34 11
142 36 0
142 36 7
142 36 14
142 38 3
142 38 10
112 20 125
112 20 132
112 25 120
112 25 122
112 26 124
112 26 132
112 31 120
112 32 131
138 20 441
138 20 449
138 26 440
138 26 447
138 32 440
138 32 447
137 22 540
110 20 582
110 20 587
110 20 592
110 20 597
121 40 201
163 40 342
169 40 481
134 45 580
142 40 605
142 40 614
142 42 605
142 43 609
142 45 610
142 46 600
142 47 610
142 48 614
142 50 615
142 51 605
142 53 605
142 54 600
142 55 614
142 56 600
142 58 600
142 58 604
112 40 723
112 40 728
112 40 733
112 40 738
112 41 725
112 41 735
112 42 730
112 44 720
112 46 727
112 46 737
112 47 725
112 47 735
112 48 729
112 49 722
112 50 720
112 51 731
112 51 733
112 52 727
112 53 738
112 54 729
138 60 44
138 65 51
138 66 40
138 71 47
138 72 40
137 64 140
110 60 185
110 60 193
110 60 196
121 60 801
163 60 945
169 80 84
134 81 180
142 80 201
142 80 206
142 80 211
142 80 216
142 82 206
142 82 211
142 82 216
142 84 205
142 84 209
142 84 216
142 85 201
142 86 205
142 86 209
142 86 216
142 88 202
142 88 206
142 88 216
142 90 200
142 90 204
142 90 213
142 91 209
142 92 200
142 92 204
142 92 213
142 93 209
142 94 200
142 94 204
142 94 213
142 96 200
142 96 204
142 96 212
142 96 216
142 98 200
142 98 204
112 80 325
112 80 332
112 83 320
112 83 322
112 86 324
112 86 331
112 86 338
112 89 320
112 89 322
112 92 329
112 92 336
112 92 338
138 80 644
138 82 651
138 86 640
138 88 647
138 92 640
138 94 647
137 84 740
110 80 782
110 80 787
110 80 792
110 80 797
121 100 405
163 100 543
169 100 683
134 100 782
142 100 801
142 100 806
142 100 811
142 100 816
142 102 801
142 102 806
142 102 811
142 102 816
142 104 801
142 104 806
142 104 811
142 104 816
142 106 801
142 106 806
142 106 811
142 106 816
142 108 801
142 108 806
142 108 811
142 108 816
142 110 801
142 110 806
142 110 811
142 110 816
142 112 801
142 112 806
142 112 811
142 112 816
142 114 801
142 114 806
142 114 811
142 114 816
142 116 801
142 116 806
142 116 811
142 116 816
142 118 801
142 118 806
142 118 811
142 118 816
112 100 922
112 100 926
112 100 930
112 100 934
112 100 938
112 104 924
112 104 932
112 106 922
112 106 930
112 106 938
112 108 928
112 110 924
112 110 932
112 112 920
112 112 930
112 112 938
112 114 928
138 120 241
138 120 249
138 126 240
138 126 247
138 132 240
138 132 247
137 121 340
110 120 384
110 120 391
121 140 3
163 140 143
169 140 281
134 144 380
142 140 405
142 140 414
142 142 405
142 144 405
142 146 405
142 148 405
142 150 405
142 152 405
142 154 405
142 155 409
142 156 405
142 157 409
112 140 522
112 140 526
112 140 530
112 140 534
112 140 538
112 141 524
112 141 532
112 142 520
112 142 536
112 144 528
112 146 526
112 146 534
112 147 522
112 147 530
112 147 538
112 148 524
112 148 536
112 149 532
112 150 528
112 152 520
112 152 534
112 153 526
112 153 538
112 154 524
112 154 536
138 140 842
138 140 851
138 146 840
138 146 847
138 152 840
138 152 847
137 144 940
110 140 984
110 140 991
121 160 605
163 160 742
169 160 882
134 163 980
142 180 3
142 180 10
142 182 0
142 182 4
142 182 11
142 184 0
142 184 7
142 184 14
142 186 3
142 186 10
142 188 0
142 188 4
142 188 11
142 190 0
142 190 7
142 190 14
142 192 3
142 192 10
142 194 0
142 194 4
142 194 11
142 196 0
142 196 7
142 196 14
142 198 3
142 198 10
112 180 125
112 180 132
112 185 120
112 185 122
112 186 124
112 186 132
112 191 120
112 192 131
138 180 441
138 180 449
138 186 440
138 186 447
138 192 440
138 192 447
137 182 540
110 180 582
110 180 587
110 180 592
110 180 597
121 200 201
163 200 342
169 200 481
134 205 580
142 200 605
142 200 614
142 202 605
142 203 609
142 205 610
142 206 600
142 207 610
142 208 614
142 210 615
142 211 605
142 213 605
142 214 600
142 215 614
142 216 600
142 218 600
142 218 604
112 200 723
112 200 728
112 200 733
112 200 738
112 201 725
112 201 735
112 202 730
112 204 720
112 206 727
112 206 737
112 207 725
112 207 735
112 208 729
112 209 722
112 210 720
112 211 731
112 211 733
112 212 727
112 213 738
112 214 729
138 220 44
138 225 51
138 226 40
138 231 47
138 232 40
137 224 140
110 220 185
110 220 193
110 220 196
121 220 801
163 220 945
169 240 84
134 241 180
142 240 201
142 240 206
142 240 211
142 240 216
142 242 206
142 242 211
142 242 216
142 244 205
142 244 209
142 244 216
142 245 201
142 246 205
142 246 209
142 246 216
142 248 202
142 248 206
142 248 216
142 250 200
142 250 204
142 250 213
142 251 209
142 252 200
142 252 204
142 252 213
142 253 209
142 254 200
142 254 204
142 254 213
142 256 200
142 256 204
142 256 212
142 256 216
142 258 200
142 258 204
112 240 325
112 240 332
112 243 320
112 243 322
112 246 324
112 246 331
112 246 338
112 249 320
112 249 322
112 252 329
112 252 336
112 252 338
138 240 644
138 242 651
138 246 640
138 248 647
138 252 640
138 254 647
137 244 740
110 240 782
110 240 787
110 240 792
110 240 797
121 260 405
163 260 543
169 260 683
134 260 782
142 260 801
142 260 806
142 260 811
142 260 816
142 262 801
142 262 806
142 262 811
142 262 816
142 264 801
142 264 806
142 264 811
142 264 816
142 266 801
142 266 806
142 266 811
142 266 816
142 268 801
142 268 806
142 268 811
142 268 816
142 270 801
142 270 806
142 270 811
142 270 816
142 272 801
142 272 806
142 272 811
142 272 816
142 274 801
142 274 806
142 274 811
142 274 816
142 276 801
142 276 806
142 276 811
142 276 816
142 278 801
142 278 806
142 278 811
142 278 816
112 260 922
112 260 926
112 260 930
112 260 934
112 260 938
112 264 924
112 264 932
112 266 922
112 266 930
112 266 938
112 268 928
112 270 924
112 270 932
112 272 920
112 272 930
112 272 938
112 274 928
138 280 241
138 280 249
138 286 240
138 286 247
138 292 240
138 292 247
137 281 340
110 280 384
110 280 391
121 300 3
163 300 143
169 300 281
134 304 380
142 300 405
142 300 414
142 302 405
142 304 405
142 306 405
142 308 405
142 310 405
142 312 405
142 314 405
142 315 409
142 316 405
142 317 409
112 300 522
112 300 526
112 300 530
112 300 534
112 300 538
112 301 524
112 301 532
112 302 520
112 302 536
112 304 528
112 306 526
112 306 534
112 307 522
112 307 530
112 307 538
112 308 524
112 308 536
112 309 532
112 310 528
112 312 520
112 312 534
112 313 526
112 313 538
112 314 524
112 314 536
138 300 842
138 300 851
138 306 840
138 306 847
138 312 840
138 312 847
137 304 940
110 300 984
110 300 991
121 320 605
163 320 742
169 320 882
134 323 980
142 340 3
142 340 10
142 342 0
142 342 4
142 342 11
142 344 0
142 344 7
142 344 14
142 346 3
142 346 10
142 348 0
142 348 4
142 348 11
142 350 0
142 350 7
142 350 14
142 352 3
142 352 10
142 354 0
142 354 4
142 354 11
142 356 0
142 356 7
142 356 14
142 358 3
142 358 10
112 340 125
112 340 132
112 345 120
112 345 122
112 346 124
112 346 132
112 351 120
112 352 131
138 340 441
138 340 449
138 346 440
138 346 447
138 352 440
138 352 447
137 342 540
110 340 582
110 340 587
110 340 592
110 340 597
121 360 201
163 360 342
169 360 481
134 365 580
142 360 605
142 360 614
142 362 605
142 363 609
142 365 610
142 366 600
142 367 610
142 368 614
142 370 615
142 371 605
142 373 605
142 374 600
142 375 614
142 376 600
142 378 600
142 378 604
112 360 723
112 360 728
112 360 733
112 360 738
112 361 725
112 361 735
112 362 730
112 364 720
112 366 727
112 366 737
112 367 725
112 367 735
112 368 729
112 369 722
112 370 720
112 371 731
112 371 733
112 372 727
112 373 738
112 374 729
138 380 44
138 385 51
138 386 40
138 391 47
138 392 40
137 384 140
110 380 185
110 380 193
110 380 196
121 380 801
163 380 945
169 400 84
134 401 180
142 400 201
142 400 206
142 400 211
142 400 216
142 402 206
142 402 211
142 402 216
142 404 205
142 404 209
142 404 216
142 405 201
142 406 205
142 406 209
142 406 216
142 408 202
142 408 206
142 408 216
142 410 200
142 410 204
142 410 213
142 411 209
142 412 200
142 412 204
142 412 213
142 413 209
142 414 200
142 414 204
142 414 213
142 416 200
142 416 204
142 416 212
142 416 216
142 418 200
142 418 204
112 400 325
112 400 332
112 403 320
112 403 322
112 406 324
112 406 331
112 406 338
112 409 320
112 409 322
112 412 329
112 412 336
112 412 338
138 400 644
138 402 651
138 406 640
138 408 647
138 412 640
138 414 647
137 404 740
110 400 782
110 400 787
110 400 792
110 400 797
121 420 405
163 420 543
169 420 683
134 420 782
142 420 801
142 420 806
142 420 811
142 420 816
142 422 801
142 422 806
142 422 811
142 422 816
142 424 801
142 424 806
142 424 811
142 424 816
142 426 801
142 426 806
142 426 811
142 426 816
142 428 801
142 428 806
142 428 811
142 428 816
142 430 801
142 430 806
142 430 811
142 430 816
142 432 801
142 432 806
142 432 811
142 432 816
142 434 801
142 434 806
142 434 811
142 434 816
142 436 801
142 436 806
142 436 811
142 436 816
142 438 801
142 438 806
142 438 811
142 438 816
112 420 922
112 420 926
112 420 930
112 420 934
112 420 938
112 424 924
112 424 932
112 426 922
112 426 930
112 426 938
112 428 928
112 430 924
112 430 932
112 432 920
112 432 930
112 432 938
112 434 928
138 440 241
138 440 249
138 446 240
138 446 247
138 452 240
138 452 247
137 441 340
110 440 384
110 440 391
121 460 3
163 460 143
169 460 281
134 464 380
142 460 405
142 460 414
142 462 405
142 464 405
142 466 405
142 468 405
142 470 405
142 472 405
142 474 405
142 475 409
142 476 405
142 477 409
112 460 522
112 460 526
112 460 530
112 460 534
112 460 538
112 461 524
112 461 532
112 462 520
112 462 536
112 464 528
112 466 526
112 466 534
112 467 522
112 467 530
112 467 538
112 468 524
112 468 536
112 469 532
112 470 528
112 472 520
112 472 534
112 473 526
112 473 538
112 474 524
112 474 536
138 460 842
138 460 851
138 466 840
138 466 847
138 472 840
138 472 847
137 464 940
110 460 984
110 460 991
121 480 605
163 480 742
169 480 882
134 483 980
142 500 3
142 500 10
142 502 0
142 502 4
142 502 11
142 504 0
142 504 7
142 504 14
142 506 3
142 506 10
142 508 0
142 508 4
142 508 11
142 510 0
142 510 7
142 510 14
142 512 3
142 512 10
142 514 0
142 514 4
142 514 11
142 516 0
142 516 7
142 516 14
142 518 3
142 518 10
112 500 125
112 500 132
112 505 120
112 505 122
112 506 124
112 506 132
112 511 120
112 512 131
138 500 441
138 500 449
138 506 440
138 506 447
138 512 440
138 512 447
137 502 540
110 500 582
110 500 587
110 500 592
110 500 597
121 520 201
163 520 342
169 520 481
134 525 580
142 520 605
142 520 614
142 522 605
142 523 609
142 525 610
142 526 600
142 527 610
142 528 614
142 530 615
142 531 605
142 533 605
142 534 600
142 535 614
142 536 600
142 538 600
142 538 604
112 520 723
112 520 728
112 520 733
112 520 738
112 521 725
112 521 735
112 522 730
112 524 720
112 526 727
112 526 737
112 527 725
112 527 735
112 528 729
112 529 722
112 530 720
112 531 731
112 531 733
112 532 727
112 533 738
112 534 729
138 540 44
138 545 51
138 546 40
138 551 47
138 552 40
137 544 140
110 540 185
110 540 193
110 540 196
121 540 801
163 540 945
169 560 84
134 561 180
142 560 201
142 560 206
142 560 211
142 560 216
142 562 206
142 562 211
142 562 216
142 564 205
142 564 209
142 564 216
142 565 201
142 566 205
142 566 209
142 566 216
142 568 202
142 568 206
142 568 216
142 570 200
142 570 204
142 570 213
142 571 209
142 572 200
142 572 204
142 572 213
142 573 209
142 574 200
142 574 204
142 574 213
142 576 200
142 576 204
142 576 212
142 576 216
142 578 200
142 578 204
112 560 325
112 560 332
112 563 320
112 563 322
112 566 324
112 566 331
112 566 338
112 569 320
112 569 322
112 572 329
112 572 336
112 572 338
138 560 644
138 562 651
138 566 640
138 568 647
138 572 640
138 574 647
137 564 740
110 560 782
110 560 787
110 560 792
110 560 797
121 580 405
163 580 543
169 580 683
134 580 782
142 580 801
142 580 806
142 580 811
142 580 816
142 582 801
142 582 806
142 582 811
142 582 816
142 584 801
142 584 806
142 584 811
142 584 816
142 586 801
142 586 806
142 586 811
142 586 816
142 588 801
142 588 806
142 588 811
142 588 816
142 590 801
142 590 806
142 590 811
142 590 816
142 592 801
142 592 806
142 592 811
142 592 816
142 594 801
142 594 806
142 594 811
142 594 816
142 596 801
142 596 806
142 596 811
142 596 816
142 598 801
142 598 806
142 598 811
142 598 816
112 580 922
112 580 926
112 580 930
112 580 934
112 580 938
112 584 924
112 584 932
112 586 922
112 586 930
112 586 938
112 588 928
112 590 924
112 590 932
112 592 920
112 592 930
112 592 938
112 594 928
138 600 241
138 600 249
138 606 240
138 606 247
138 612 240
138 612 247
137 601 340
110 600 384
110 600 391
121 620 3
163 620 143
169 620 281
134 624 380
142 620 405
142 620 414
142 622 405
142 624 405
142 626 405
142 628 405
142 630 405
142 632 405
142 634 405
142 635 409
142 636 405
142 637 409
112 620 522
112 620 526
112 620 530
112 620 534
112 620 538
112 621 524
112 621 532
112 622 520
112 622 536
112 624 528
112 626 526
112 626 534
112 627 522
112 627 530
112 627 538
112 628 524
112 628 536
112 629 532
112 630 528
112 632 520
112 632 534
112 633 526
112 633 538
112 634 524
112 634 536
138 620 842
138 620 851
138 626 840
138 626 847
138 632 840
138 632 847
137 624 940
110 620 984
110 620 991
121 640 605
163 640 742
169 640 882
134 643 980
142 660 3
142 660 10
142 662 0
142 662 4
142 662 11
142 664 0
142 664 7
142 664 14
142 666 3
142 666 10
142 668 0
142 668 4
142 668 11
142 670 0
142 670 7
142 670 14
142 672 3
142 672 10
142 674 0
142 674 4
142 674 11
142 676 0
142 676 7
142 676 14
142 678 3
142 678 10
112 660 125
112 660 132
112 665 120
112 665 122
112 666 124
112 666 132
112 671 120
112 672 131
138 660 441
138 660 449
138 666 440
138 666 447
138 672 440
138 672 447
137 662 540
110 660 582
110 660 587
110 660 592
110 660 597
121 680 201
163 680 342
169 680 481
134 685 580
142 680 605
142 680 614
142 682 605
142 683 609
142 685 610
142 686 600
142 687 610
142 688 614
142 690 615
142 691 605
142 693 605
142 694 600
142 695 614
142 696 600
142 698 600
142 698 604
112 680 723
112 680 728
112 680 733
112 680 738
112 681 725
112 681 735
112 682 730
112 684 720
112 686 727
112 686 737
112 687 725
112 687 735
112 688 729
112 689 722
112 690 720
112 691 731
112 691 733
112 692 727
112 693 738
112 694 729
138 700 44
138 705 51
138 706 40
138 711 47
138 712 40
137 704 140
110 700 185
110 700 193
110 700 196
121 700 801
163 700 945
169 720 84
134 721 180
142 720 201
142 720 206
142 720 211
142 720 216
142 722 206
142 722 211
142 722 216
142 724 205
142 724 209
142 724 216
142 725 201
142 726 205
142 726 209
142 726 216
142 728 202
142 728 206
142 728 216
142 730 200
142 730 204
142 730 213
142 731 209
142 732 200
142 732 204
142 732 213
142 733 209
142 734 200
142 734 204
142 734 213
142 736 200
142 736 204
142 736 212
142 736 216
142 738 200
142 738 204
112 720 325
112 720 332
112 723 320
112 723 322
112 726 324
112 726 331
112 726 338
112 729 320
112 729 322
112 732 329
112 732 336
112 732 338
138 720 644
138 722 651
138 726 640
138 728 647
138 732 640
138 734 647
137 724 740
110 720 782
110 720 787
110 720 792
110 720 797
121 740 405
163 740 543
169 740 683
134 740 782
142 740 801
142 740 806
142 740 811
142 740 816
142 742 801
142 742 806
142 742 811
142 742 816
142 744 801
142 744 806
142 744 811
142 744 816
142 746 801
142 746 806
142 746 811
142 746 816
142 748 801
142 748 806
142 748 811
142 748 816
142 750 801
142 750 806
142 750 811
142 750 816
142 752 801
142 752 806
142 752 811
142 752 816
142 754 801
142 754 806
142 754 811
142 754 816
142 756 801
142 756 806
142 756 811
142 756 816
142 758 801
142 758 806
142 758 811
142 758 816
112 740 922
112 740 926
112 740 930
112 740 934
112 740 938
112 744 924
112 744 932
112 746 922
112 746 930
112 746 938
112 748 928
112 750 924
112 750 932
112 752 920
112 752 930
112 752 938
112 754 928
138 760 241
138 760 249
138 766 240
138 766 247
138 772 240
138 772 247
137 761 340
110 760 384
110 760 391
121 780 3
163 780 143
169 780 281
134 784 380
142 780 405
142 780 414
142 782 405
142 784 405
142 786 405
142 788 405
142 790 405
142 792 405
142 794 405
142 795 409
142 796 405
142 797 409
112 780 522
112 780 526
112 780 530
112 780 534
112 780 538
112 781 524
112 781 532
112 782 520
112 782 536
112 784 528
112 786 526
112 786 534
112 787 522
112 787 530
112 787 538
112 788 524
112 788 536
112 789 532
112 790 528
112 792 520
112 792 534
112 793 526
112 793 538
112 794 524
112 794 536
138 780 842
138 780 851
138 786 840
138 786 847
138 792 840
138 792 847
137 784 940
110 780 984
110 780 991
121 800 605
163 800 742
169 800 882
134 803 980
142 820 3
142 820 10
142 822 0
142 822 4
142 822 11
142 824 0
142 824 7
142 824 14
142 826 3
142 826 10
142 828 0
142 828 4
142 828 11
142 830 0
142 830 7
142 830 14
142 832 3
142 832 10
142 834 0
142 834 4
142 834 11
142 836 0
142 836 7
142 836 14
142 838 3
142 838 10
112 820 125
112 820 132
112 825 120
112 825 122
112 826 124
112 826 132
112 831 120
112 832 131
138 820 441
138 820 449
138 826 440
138 826 447
138 832 440
138 832 447
137 822 540
110 820 582
110 820 587
110 820 592
110 820 597
121 840 201
163 840 342
169 840 481
134 845 580
142 840 605
142 840 614
142 842 605
142 843 609
142 845 610
142 846 600
142 847 610
142 848 614
142 850 615
142 851 605
142 853 605
142 854 600
142 855 614
142 856 600
142 858 600
142 858 604
112 840 723
112 840 728
112 840 733
112 840 738
112 841 725
112 841 735
112 842 730
112 844 720
112 846 727
112 846 737
112 847 725
112 847 735
112 848 729
112 849 722
112 850 720
112 851 731
112 851 733
112 852 727
112 853 738
112 854 729
138 860 44
138 865 51
138 866 40
138 871 47
138 872 40
137 864 140
110 860 185
110 860 193
110 860 196
121 860 801
163 860 945
169 880 84
134 881 180
142 880 201
142 880 206
142 880 211
142 880 216
142 882 206
142 882 211
142 882 216
142 884 205
142 884 209
142 884 216
142 885 201
142 886 205
142 886 209
142 886 216
142 888 202
142 888 206
142 888 216
142 890 200
142 890 204
142 890 213
142 891 209
142 892 200
142 892 204
142 892 213
142 893 209
142 894 200
142 894 204
142 894 213
142 896 200
142 896 204
142 896 212
142 896 216
142 898 200
142 898 204
112 880 325
112 880 332
112 883 320
112 883 322
112 886 324
112 886 331
112 886 338
112 889 320
112 889 322
112 892 329
112 892 336
112 892 338
138 880 644
138 882 651
138 886 640
138 888 647
138 892 640
138 894 647
137 884 740
110 880 782
110 880 787
110 880 792
110 880 797
121 900 405
163 900 543
169 900 683
134 900 782
142 900 801
142 900 806
142 900 811
142 900 816
142 902 801
142 902 806
142 902 811
142 902 816
142 904 801
142 904 806
142 904 811
142 904 816
142 906 801
142 906 806
142 906 811
142 906 816
142 908 801
142 908 806
142 908 811
142 908 816
142 910 801
142 910 806
142 910 811
142 910 816
142 912 801
142 912 806
142 912 811
142 912 816
142 914 801
142 914 806
142 914 811
142 914 816
142 916 801
142 916 806
142 916 811
142 916 816
142 918 801
142 918 806
142 918 811
142 918 816
112 900 922
112 900 926
112 900 930
112 900 934
112 900 938
112 904 924
112 904 932
112 906 922
112 906 930
112 906 938
112 908 928
112 910 924
112 910 932
112 912 920
112 912 930
112 912 938
112 914 928
138 920 241
138 920 249
138 926 240
138 926 247
138 932 240
138 932 247
137 921 340
110 920 384
110 920 391
121 940 3
163 940 143
169 940 281
134 944 380
142 940 405
142 940 414
142 942 405
142 944 405
142 946 405
142 948 405
142 950 405
142 952 405
142 954 405
142 955 409
142 956 405
142 957 409
112 940 522
112 940 526
112 940 530
112 940 534
112 940 538
112 941 524
112 941 532
112 942 520
112 942 536
112 944 528
112 946 526
112 946 534
112 947 522
112 947 530
112 947 538
112 948 524
112 948 536
112 949 532
112 950 528
112 952 520
112 952 534
112 953 526
112 953 538
112 954 524
112 954 536
138 940 842
138 940 851
138 946 840
138 946 847
138 952 840
138 952 847
137 944 940
110 940 984
110 940 991
121 960 605
163 960 742
169 960 882
134 963 980
142 980 3
142 980 10
142 982 0
142 982 4
142 982 11
142 984 0
142 984 7
142 984 14
142 986 3
142 986 10
142 988 0
142 988 4
142 988 11
142 990 0
142 990 7
142 990 14
142 992 3
142 992 10
142 994 0
142 994 4
142 994 11
142 996 0
142 996 7
142 996 14
142 998 3
142 998 10
112 980 125
112 980 132
112 985 120
112 985 122
112 986 124
112 986 132
112 991 120
112 992 131
138 980 441
138 980 449
138 986 440
138 986 447
138 992 440
138 992 447
137 982 540
110 980 582
110 980 587
110 980 592
110 980 597
