5842
16 0 0
37 0 20
49 0 40
29 0 60
90 0 80
85 0 100
85 0 106
85 0 112
85 0 118
85 2 108
85 2 110
85 3 106
85 3 118
85 4 104
85 4 116
85 6 106
85 6 118
85 7 104
85 7 116
85 9 110
85 9 118
85 10 104
85 10 116
85 12 110
85 12 118
85 13 108
85 13 116
85 15 104
85 15 106
85 15 118
85 16 116
87 0 120
42 0 140
42 0 143
56 0 160
22 0 180
67 0 200
36 0 220
36 0 224
36 0 228
36 0 232
36 0 236
36 5 220
14 0 240
19 0 260
69 0 280
54 0 300
12 0 320
92 0 340
92 0 354
66 0 360
31 0 380
65 0 400
32 0 420
21 0 440
20 0 460
59 0 480
30 0 500
51 0 520
45 0 540
18 0 560
75 0 580
91 0 600
3 0 620
97 0 640
23 0 660
50 0 680
6 0 700
61 0 720
17 0 740
25 0 760
99 0 780
72 0 800
46 0 820
26 0 840
70 0 860
41 0 880
74 0 900
81 0 920
81 0 924
35 0 940
35 2 940
77 0 960
94 0 980
94 0 990
94 2 980
94 2 990
94 4 980
94 4 990
94 6 994
47 20 0
82 20 20
82 20 24
82 20 28
82 20 32
82 20 36
82 25 20
82 25 28
82 25 36
82 26 26
82 26 34
82 30 20
82 30 36
82 31 26
82 31 34
82 32 30
82 35 20
5 20 40
58 20 60
93 20 80
34 20 100
39 20 120
83 20 140
63 20 160
24 20 180
0 20 200
76 20 220
96 20 240
33 20 260
98 20 280
11 20 300
64 20 320
1 20 340
55 20 360
84 20 380
88 20 400
53 20 420
71 20 440
86 20 460
48 20 480
52 20 500
68 20 520
68 20 533
80 20 540
62 20 560
40 20 580
8 20 600
27 20 620
38 20 640
15 20 660
4 20 680
43 20 700
43 20 708
43 20 716
43 22 704
43 22 712
43 24 700
43 24 708
43 24 716
43 26 704
43 26 712
43 28 700
43 28 708
43 28 716
43 30 704
43 30 712
43 32 700
43 32 708
43 32 716
43 34 704
43 34 712
43 36 700
43 36 708
43 36 716
43 38 704
43 38 712
9 20 720
10 20 740
10 20 745
73 20 760
7 20 780
60 20 800
57 20 820
57 20 826
57 20 832
57 23 820
2 20 840
28 20 860
89 20 880
78 20 900
79 20 920
13 20 940
13 20 952
44 20 960
95 20 980
16 40 0
37 40 20
49 40 40
29 40 60
90 40 80
85 40 100
87 40 120
42 40 140
56 40 160
22 40 180
67 40 200
36 40 220
14 40 240
19 40 260
69 40 280
54 40 300
12 40 320
92 40 340
66 40 360
31 40 380
65 40 400
32 40 420
21 40 440
20 40 460
59 40 480
30 40 500
51 40 520
51 40 522
45 40 540
45 42 540
18 40 560
75 40 580
75 40 589
75 40 598
75 44 589
75 44 598
75 46 587
75 48 589
91 40 600
3 40 620
3 40 624
3 40 628
3 40 632
3 40 636
3 41 620
3 41 628
3 41 636
3 42 628
3 43 628
3 46 622
3 46 630
3 46 638
3 47 624
3 47 632
3 48 620
3 48 632
3 49 620
3 50 620
3 51 620
3 52 626
3 53 622
3 53 630
3 54 622
3 54 630
3 55 622
97 40 640
23 40 660
50 40 680
6 40 700
61 40 720
17 40 740
25 40 760
99 40 780
72 40 800
46 40 820
26 40 840
70 40 860
41 40 880
74 40 900
81 40 920
35 40 940
77 40 960
94 40 980
47 60 0
82 60 20
5 60 40
58 60 60
93 60 80
34 60 100
39 60 120
39 60 132
83 60 140
63 60 160
24 60 180
0 60 200
76 60 220
96 60 240
33 60 260
98 60 280
11 60 300
11 60 307
11 60 314
11 60 317
11 62 308
11 62 315
11 64 304
11 64 311
11 66 300
11 66 307
11 66 314
11 66 317
11 68 308
11 68 315
11 70 304
11 70 311
11 72 300
11 72 307
11 72 314
11 72 317
11 74 308
11 74 315
11 76 304
11 76 311
11 78 300
11 78 307
11 78 314
64 60 320
1 60 340
1 60 344
55 60 360
84 60 380
88 60 400
53 60 420
53 60 428
53 63 420
53 63 428
71 60 440
86 60 460
48 60 480
52 60 500
68 60 520
80 60 540
80 60 553
62 60 560
40 60 580
8 60 600
27 60 620
38 60 640
15 60 660
4 60 680
43 60 700
9 60 720
10 60 740
73 60 760
7 60 780
60 60 800
57 60 820
2 60 840
28 60 860
89 60 880
78 60 900
79 60 920
13 60 940
44 60 960
95 60 980
16 80 0
37 80 20
49 80 40
29 80 60
90 80 80
85 80 100
87 80 120
87 80 122
42 80 140
42 84 140
56 80 160
22 80 180
22 80 191
22 80 195
22 86 187
22 90 194
22 94 194
67 80 200
36 80 220
36 80 223
36 80 226
36 80 229
36 80 232
36 80 235
36 80 238
36 80 239
36 85 223
36 85 226
36 85 229
36 85 232
36 85 235
36 86 222
36 90 226
36 90 229
36 90 232
36 90 235
36 92 230
36 92 231
36 95 226
14 80 240
19 80 260
69 80 280
54 80 300
12 80 320
92 80 340
66 80 360
31 80 380
65 80 400
32 80 420
21 80 440
20 80 460
59 80 480
30 80 500
51 80 520
45 80 540
18 80 560
75 80 580
91 80 600
3 80 620
97 80 640
23 80 660
50 80 680
6 80 700
61 80 720
61 80 734
17 80 740
25 80 760
99 80 780
72 80 800
46 80 820
26 80 840
70 80 860
41 80 880
74 80 900
74 80 909
74 82 900
74 82 909
74 84 900
74 84 909
74 86 900
74 86 909
74 88 900
74 88 909
74 90 900
74 90 909
74 92 900
74 92 909
74 94 900
74 94 909
74 96 900
74 96 909
74 98 900
74 98 909
81 80 920
35 80 940
35 80 945
77 80 960
94 80 980
47 100 0
82 100 20
82 100 25
82 100 30
82 100 35
82 105 20
5 100 40
58 100 60
93 100 80
34 100 100
39 100 120
83 100 140
83 100 155
63 100 160
24 100 180
0 100 200
76 100 220
96 100 240
33 100 260
98 100 280
11 100 300
64 100 320
1 100 340
55 100 360
84 100 380
88 100 400
53 100 420
71 100 440
86 100 460
48 100 480
52 100 500
68 100 520
80 100 540
62 100 560
40 100 580
8 100 600
27 100 620
38 100 640
15 100 660
4 100 680
43 100 700
9 100 720
9 100 723
10 100 740
10 103 740
73 100 760
7 100 780
7 100 788
7 100 796
7 100 797
7 100 798
7 100 799
7 101 780
60 100 800
57 100 820
57 100 825
57 100 830
57 100 835
57 103 820
57 103 830
57 106 820
57 106 827
57 106 832
57 109 820
57 109 827
57 109 834
57 112 822
57 112 829
57 112 836
2 100 840
28 100 860
89 100 880
78 100 900
79 100 920
13 100 940
44 100 960
95 100 980
16 120 0
37 120 20
49 120 40
29 120 60
90 120 80
85 120 100
87 120 120
42 120 140
56 120 160
22 120 180
67 120 200
36 120 220
14 120 240
19 120 260
69 120 280
54 120 300
12 120 320
12 120 333
92 120 340
66 120 360
31 120 380
65 120 400
32 120 420
21 120 440
20 120 460
59 120 480
30 120 500
30 120 509
30 122 514
30 125 500
30 125 509
30 127 514
30 130 500
30 130 509
30 132 514
30 135 500
51 120 520
45 120 540
45 120 543
18 120 560
75 120 580
91 120 600
3 120 620
3 120 625
3 120 630
3 120 635
3 121 620
97 120 640
23 120 660
50 120 680
6 120 700
61 120 720
17 120 740
17 120 751
25 120 760
99 120 780
72 120 800
46 120 820
26 120 840
70 120 860
41 120 880
74 120 900
81 120 920
35 120 940
77 120 960
94 120 980
47 140 0
82 140 20
5 140 40
58 140 60
93 140 80
34 140 100
39 140 120
83 140 140
63 140 160
24 140 180
0 140 200
76 140 220
96 140 240
33 140 260
98 140 280
11 140 300
64 140 320
64 142 320
1 140 340
1 143 340
55 140 360
84 140 380
84 140 392
84 145 380
84 150 380
84 152 385
88 140 400
53 140 420
53 140 427
53 140 434
53 143 427
53 143 434
53 146 426
53 146 433
53 149 426
53 149 433
53 152 424
53 152 431
53 155 420
53 155 431
71 140 440
86 140 460
48 140 480
52 140 500
68 140 520
80 140 540
62 140 560
40 140 580
8 140 600
27 140 620
38 140 640
15 140 660
4 140 680
43 140 700
9 140 720
10 140 740
73 140 760
7 140 780
60 140 800
57 140 820
2 140 840
28 140 860
89 140 880
78 140 900
79 140 920
79 140 935
13 140 940
44 140 960
95 140 980
16 160 0
37 160 20
49 160 40
29 160 60
90 160 80
85 160 100
85 160 106
85 160 112
85 160 118
85 162 108
85 162 110
85 163 106
85 163 118
85 164 104
85 164 116
85 166 106
85 166 118
85 167 104
85 167 116
85 169 110
85 169 118
85 170 104
85 170 116
85 172 110
85 172 118
85 173 108
85 173 116
85 175 104
85 175 106
85 175 118
85 176 116
87 160 120
42 160 140
42 160 143
56 160 160
22 160 180
67 160 200
36 160 220
36 160 224
36 160 228
36 160 232
36 160 236
36 165 220
14 160 240
19 160 260
69 160 280
54 160 300
12 160 320
92 160 340
92 160 354
66 160 360
31 160 380
65 160 400
32 160 420
21 160 440
20 160 460
59 160 480
30 160 500
51 160 520
45 160 540
18 160 560
75 160 580
91 160 600
3 160 620
97 160 640
23 160 660
50 160 680
6 160 700
61 160 720
17 160 740
25 160 760
99 160 780
72 160 800
46 160 820
26 160 840
70 160 860
41 160 880
74 160 900
81 160 920
81 160 924
35 160 940
35 162 940
77 160 960
94 160 980
94 160 990
94 162 980
94 162 990
94 164 980
94 164 990
94 166 994
47 180 0
82 180 20
82 180 24
82 180 28
82 180 32
82 180 36
82 185 20
82 185 28
82 185 36
82 186 26
82 186 34
82 190 20
82 190 36
82 191 26
82 191 34
82 192 30
82 195 20
5 180 40
58 180 60
93 180 80
34 180 100
39 180 120
83 180 140
63 180 160
24 180 180
0 180 200
76 180 220
96 180 240
33 180 260
98 180 280
11 180 300
64 180 320
1 180 340
55 180 360
84 180 380
88 180 400
53 180 420
71 180 440
86 180 460
48 180 480
52 180 500
68 180 520
68 180 533
80 180 540
62 180 560
40 180 580
8 180 600
27 180 620
38 180 640
15 180 660
4 180 680
43 180 700
43 180 708
43 180 716
43 182 704
43 182 712
43 184 700
43 184 708
43 184 716
43 186 704
43 186 712
43 188 700
43 188 708
43 188 716
43 190 704
43 190 712
43 192 700
43 192 708
43 192 716
43 194 704
43 194 712
43 196 700
43 196 708
43 196 716
43 198 704
43 198 712
9 180 720
10 180 740
10 180 745
73 180 760
7 180 780
60 180 800
57 180 820
57 180 826
57 180 832
57 183 820
2 180 840
28 180 860
89 180 880
78 180 900
79 180 920
13 180 940
13 180 952
44 180 960
95 180 980
16 200 0
37 200 20
49 200 40
29 200 60
90 200 80
85 200 100
87 200 120
42 200 140
56 200 160
22 200 180
67 200 200
36 200 220
14 200 240
19 200 260
69 200 280
54 200 300
12 200 320
92 200 340
66 200 360
31 200 380
65 200 400
32 200 420
21 200 440
20 200 460
59 200 480
30 200 500
51 200 520
51 200 522
45 200 540
45 202 540
18 200 560
75 200 580
75 200 589
75 200 598
75 204 589
75 204 598
75 206 587
75 208 589
91 200 600
3 200 620
3 200 624
3 200 628
3 200 632
3 200 636
3 201 620
3 201 628
3 201 636
3 202 628
3 203 628
3 206 622
3 206 630
3 206 638
3 207 624
3 207 632
3 208 620
3 208 632
3 209 620
3 210 620
3 211 620
3 212 626
3 213 622
3 213 630
3 214 622
3 214 630
3 215 622
97 200 640
23 200 660
50 200 680
6 200 700
61 200 720
17 200 740
25 200 760
99 200 780
72 200 800
46 200 820
26 200 840
70 200 860
41 200 880
74 200 900
81 200 920
35 200 940
77 200 960
94 200 980
47 220 0
82 220 20
5 220 40
58 220 60
93 220 80
34 220 100
39 220 120
39 220 132
83 220 140
63 220 160
24 220 180
0 220 200
76 220 220
96 220 240
33 220 260
98 220 280
11 220 300
11 220 307
11 220 314
11 220 317
11 222 308
11 222 315
11 224 304
11 224 311
11 226 300
11 226 307
11 226 314
11 226 317
11 228 308
11 228 315
11 230 304
11 230 311
11 232 300
11 232 307
11 232 314
11 232 317
11 234 308
11 234 315
11 236 304
11 236 311
11 238 300
11 238 307
11 238 314
64 220 320
1 220 340
1 220 344
55 220 360
84 220 380
88 220 400
53 220 420
53 220 428
53 223 420
53 223 428
71 220 440
86 220 460
48 220 480
52 220 500
68 220 520
80 220 540
80 220 553
62 220 560
40 220 580
8 220 600
27 220 620
38 220 640
15 220 660
4 220 680
43 220 700
9 220 720
10 220 740
73 220 760
7 220 780
60 220 800
57 220 820
2 220 840
28 220 860
89 220 880
78 220 900
79 220 920
13 220 940
44 220 960
95 220 980
16 240 0
37 240 20
49 240 40
29 240 60
90 240 80
85 240 100
87 240 120
87 240 122
42 240 140
42 244 140
56 240 160
22 240 180
22 240 191
22 240 195
22 246 187
22 250 194
22 254 194
67 240 200
36 240 220
36 240 223
36 240 226
36 240 229
36 240 232
36 240 235
36 240 238
36 240 239
36 245 223
36 245 226
36 245 229
36 245 232
36 245 235
36 246 222
36 250 226
36 250 229
36 250 232
36 250 235
36 252 230
36 252 231
36 255 226
14 240 240
19 240 260
69 240 280
54 240 300
12 240 320
92 240 340
66 240 360
31 240 380
65 240 400
32 240 420
21 240 440
20 240 460
59 240 480
30 240 500
51 240 520
45 240 540
18 240 560
75 240 580
91 240 600
3 240 620
97 240 640
23 240 660
50 240 680
6 240 700
61 240 720
61 240 734
17 240 740
25 240 760
99 240 780
72 240 800
46 240 820
26 240 840
70 240 860
41 240 880
74 240 900
74 240 909
74 242 900
74 242 909
74 244 900
74 244 909
74 246 900
74 246 909
74 248 900
74 248 909
74 250 900
74 250 909
74 252 900
74 252 909
74 254 900
74 254 909
74 256 900
56 256 909
74 258 900
74 258 909
81 240 920
35 240 940
35 240 945
77 240 960
94 240 980
47 260 0
82 260 20
82 260 25
82 260 30
82 260 35
82 265 20
5 260 40
58 260 60
93 260 80
34 260 100
39 260 120
83 260 140
83 260 155
63 260 160
24 260 180
0 260 200
76 260 220
96 260 240
33 260 260
98 260 280
11 260 300
64 260 320
1 260 340
55 260 360
84 260 380
88 260 400
53 260 420
71 260 440
86 260 460
48 260 480
52 260 500
68 260 520
80 260 540
62 260 560
40 260 580
8 260 600
27 260 620
38 260 640
15 260 660
4 260 680
43 260 700
9 260 720
9 260 723
10 260 740
10 263 740
73 260 760
7 260 780
7 260 788
7 260 796
7 260 797
7 260 798
7 260 799
7 261 780
60 260 800
57 260 820
57 260 825
57 260 830
57 260 835
57 263 820
57 263 830
57 266 820
57 266 827
57 266 832
57 269 820
57 269 827
57 269 834
57 272 822
57 272 829
57 272 836
2 260 840
28 260 860
89 260 880
78 260 900
79 260 920
13 260 940
44 260 960
95 260 980
16 280 0
37 280 20
49 280 40
29 280 60
90 280 80
85 280 100
87 280 120
42 280 140
56 280 160
22 280 180
67 280 200
36 280 220
14 280 240
19 280 260
69 280 280
54 280 300
12 280 320
12 280 333
92 280 340
66 280 360
31 280 380
65 280 400
32 280 420
21 280 440
20 280 460
59 280 480
30 280 500
30 280 509
30 282 514
30 285 500
30 285 509
30 287 514
30 290 500
30 290 509
30 292 514
30 295 500
51 280 520
45 280 540
45 280 543
18 280 560
75 280 580
91 280 600
3 280 620
3 280 625
3 280 630
3 280 635
3 281 620
97 280 640
23 280 660
50 280 680
6 280 700
61 280 720
17 280 740
17 280 751
25 280 760
99 280 780
72 280 800
46 280 820
26 280 840
70 280 860
41 280 880
74 280 900
81 280 920
35 280 940
77 280 960
94 280 980
47 300 0
82 300 20
5 300 40
58 300 60
93 300 80
34 300 100
39 300 120
83 300 140
63 300 160
24 300 180
0 300 200
76 300 220
96 300 240
33 300 260
98 300 280
11 300 300
64 300 320
64 302 320
1 300 340
1 303 340
55 300 360
84 300 380
84 300 392
84 305 380
84 310 380
84 312 385
88 300 400
53 300 420
53 300 427
53 300 434
53 303 427
53 303 434
53 306 426
53 306 433
53 309 426
53 309 433
53 312 424
53 312 431
53 315 420
53 315 431
71 300 440
86 300 460
48 300 480
52 300 500
68 300 520
80 300 540
62 300 560
40 300 580
8 300 600
27 300 620
38 300 640
15 300 660
4 300 680
43 300 700
9 300 720
10 300 740
73 300 760
7 300 780
60 300 800
57 300 820
2 300 840
28 300 860
89 300 880
78 300 900
79 300 920
79 300 935
13 300 940
44 300 960
95 300 980
16 320 0
37 320 20
49 320 40
29 320 60
90 320 80
85 320 100
85 320 106
85 320 112
85 320 118
85 322 108
85 322 110
85 323 106
85 323 118
85 324 104
85 324 116
85 326 106
85 326 118
85 327 104
85 327 116
85 329 110
85 329 118
85 330 104
85 330 116
85 332 110
85 332 118
85 333 108
85 333 116
85 335 104
85 335 106
85 335 118
85 336 116
87 320 120
42 320 140
42 320 143
56 320 160
22 320 180
67 320 200
36 320 220
36 320 224
36 320 228
36 320 232
36 320 236
36 325 220
14 320 240
19 320 260
69 320 280
54 320 300
12 320 320
92 320 340
92 320 354
66 320 360
31 320 380
65 320 400
32 320 420
21 320 440
20 320 460
59 320 480
30 320 500
51 320 520
45 320 540
18 320 560
75 320 580
91 320 600
3 320 620
97 320 640
23 320 660
50 320 680
6 320 700
61 320 720
17 320 740
25 320 760
99 320 780
72 320 800
46 320 820
26 320 840
70 320 860
41 320 880
74 320 900
81 320 920
81 320 924
35 320 940
35 322 940
77 320 960
94 320 980
94 320 990
94 322 980
94 322 990
94 324 980
94 324 990
94 326 994
47 340 0
82 340 20
82 340 24
82 340 28
82 340 32
82 340 36
82 345 20
82 345 28
82 345 36
82 346 26
82 346 34
82 350 20
82 350 36
82 351 26
82 351 34
82 352 30
82 355 20
5 340 40
58 340 60
93 340 80
34 340 100
39 340 120
83 340 140
63 340 160
24 340 180
0 340 200
76 340 220
96 340 240
33 340 260
98 340 280
11 340 300
64 340 320
1 340 340
55 340 360
84 340 380
88 340 400
53 340 420
71 340 440
86 340 460
48 340 480
52 340 500
68 340 520
68 340 533
80 340 540
62 340 560
40 340 580
8 340 600
27 340 620
38 340 640
15 340 660
4 340 680
43 340 700
43 340 708
43 340 716
43 342 704
43 342 712
43 344 700
43 344 708
43 344 716
43 346 704
43 346 712
43 348 700
43 348 708
43 348 716
43 350 704
43 350 712
43 352 700
43 352 708
43 352 716
43 354 704
43 354 712
43 356 700
43 356 708
43 356 716
43 358 704
43 358 712
9 340 720
10 340 740
10 340 745
73 340 760
7 340 780
60 340 800
57 340 820
57 340 826
57 340 832
57 343 820
2 340 840
28 340 860
89 340 880
78 340 900
79 340 920
13 340 940
13 340 952
44 340 960
95 340 980
16 360 0
37 360 20
49 360 40
29 360 60
90 360 80
85 360 100
87 360 120
42 360 140
56 360 160
22 360 180
67 360 200
36 360 220
14 360 240
19 360 260
69 360 280
54 360 300
12 360 320
92 360 340
66 360 360
31 360 380
65 360 400
32 360 420
21 360 440
20 360 460
59 360 480
30 360 500
51 360 520
51 360 522
45 360 540
45 362 540
18 360 560
75 360 580
75 360 589
75 360 598
75 364 589
75 364 598
75 366 587
75 368 589
91 360 600
3 360 620
3 360 624
3 360 628
3 360 632
3 360 636
3 361 620
3 361 628
3 361 636
3 362 628
3 363 628
3 366 622
3 366 630
3 366 638
3 367 624
3 367 632
3 368 620
3 368 632
3 369 620
3 370 620
3 371 620
3 372 626
3 373 622
3 373 630
3 374 622
3 374 630
3 375 622
97 360 640
23 360 660
50 360 680
6 360 700
61 360 720
17 360 740
25 360 760
99 360 780
72 360 800
46 360 820
26 360 840
70 360 860
41 360 880
74 360 900
81 360 920
35 360 940
77 360 960
94 360 980
47 380 0
82 380 20
5 380 40
58 380 60
93 380 80
34 380 100
39 380 120
39 380 132
83 380 140
63 380 160
24 380 180
0 380 200
76 380 220
96 380 240
33 380 260
98 380 280
11 380 300
11 380 307
11 380 314
11 380 317
11 382 308
11 382 315
11 384 304
11 384 311
11 386 300
11 386 307
11 386 314
11 386 317
11 388 308
11 388 315
11 390 304
11 390 311
11 392 300
11 392 307
11 392 314
11 392 317
11 394 308
11 394 315
11 396 304
11 396 311
11 398 300
11 398 307
11 398 314
64 380 320
1 380 340
1 380 344
55 380 360
84 380 380
88 380 400
53 380 420
53 380 428
53 383 420
53 383 428
71 380 440
86 380 460
48 380 480
52 380 500
68 380 520
80 380 540
80 380 553
62 380 560
40 380 580
8 380 600
27 380 620
38 380 640
15 380 660
4 380 680
43 380 700
9 380 720
10 380 740
73 380 760
7 380 780
60 380 800
57 380 820
2 380 840
28 380 860
89 380 880
78 380 900
79 380 920
13 380 940
44 380 960
95 380 980
16 400 0
37 400 20
49 400 40
29 400 60
90 400 80
85 400 100
87 400 120
87 400 122
42 400 140
42 404 140
56 400 160
22 400 180
22 400 191
22 400 195
22 406 187
22 410 194
22 414 194
67 400 200
36 400 220
36 400 223
36 400 226
36 400 229
36 400 232
36 400 235
36 400 238
36 400 239
36 405 223
36 405 226
36 405 229
36 405 232
36 405 235
36 406 222
36 410 226
36 410 229
36 410 232
36 410 235
36 412 230
36 412 231
36 415 226
14 400 240
19 400 260
69 400 280
54 400 300
12 400 320
92 400 340
66 400 360
31 400 380
65 400 400
32 400 420
21 400 440
20 400 460
59 400 480
30 400 500
51 400 520
45 400 540
18 400 560
75 400 580
91 400 600
3 400 620
97 400 640
23 400 660
50 400 680
6 400 700
61 400 720
61 400 734
17 400 740
25 400 760
99 400 780
72 400 800
46 400 820
26 400 840
70 400 860
41 400 880
74 400 900
74 400 909
74 402 900
74 402 909
74 404 900
74 404 909
74 406 900
74 406 909
74 408 900
74 408 909
74 410 900
74 410 909
74 412 900
74 412 909
74 414 900
74 414 909
74 416 900
74 416 909
74 418 900
74 418 909
81 400 920
35 400 940
35 400 945
77 400 960
94 400 980
47 420 0
82 420 20
82 420 25
82 420 30
82 420 35
82 425 20
5 420 40
58 420 60
93 420 80
34 420 100
39 420 120
83 420 140
83 420 155
63 420 160
24 420 180
0 420 200
76 420 220
96 420 240
33 420 260
98 420 280
11 420 300
64 420 320
1 420 340
55 420 360
84 420 380
88 420 400
53 420 420
71 420 440
86 420 460
48 420 480
52 420 500
68 420 520
80 420 540
62 420 560
40 420 580
8 420 600
27 420 620
38 420 640
15 420 660
4 420 680
43 420 700
9 420 720
9 420 723
10 420 740
10 423 740
73 420 760
7 420 780
7 420 788
7 420 796
7 420 797
7 420 798
7 420 799
7 421 780
60 420 800
57 420 820
57 420 825
57 420 830
57 420 835
57 423 820
57 423 830
57 426 820
57 426 827
57 426 832
57 429 820
57 429 827
57 429 834
57 432 822
57 432 829
57 432 836
2 420 840
28 420 860
89 420 880
78 420 900
79 420 920
13 420 940
44 420 960
95 420 980
16 440 0
37 440 20
49 440 40
29 440 60
90 440 80
85 440 100
87 440 120
42 440 140
56 440 160
22 440 180
67 440 200
36 440 220
14 440 240
19 440 260
69 440 280
54 440 300
12 440 320
12 440 333
92 440 340
66 440 360
31 440 380
65 440 400
32 440 420
21 440 440
20 440 460
59 440 480
30 440 500
30 440 509
30 442 514
30 445 500
30 445 509
30 447 514
30 450 500
30 450 509
30 452 514
30 455 500
51 440 520
45 440 540
45 440 543
18 440 560
75 440 580
91 440 600
3 440 620
3 440 625
3 440 630
3 440 635
3 441 620
97 440 640
23 440 660
50 440 680
6 440 700
61 440 720
17 440 740
17 440 751
25 440 760
99 440 780
72 440 800
46 440 820
26 440 840
70 440 860
41 440 880
74 440 900
81 440 920
35 440 940
77 440 960
94 440 980
47 460 0
82 460 20
5 460 40
58 460 60
93 460 80
34 460 100
39 460 120
83 460 140
63 460 160
24 460 180
0 460 200
76 460 220
96 460 240
33 460 260
98 460 280
11 460 300
64 460 320
64 462 320
1 460 340
1 463 340
55 460 360
84 460 380
84 460 392
84 465 380
84 470 380
84 472 385
88 460 400
53 460 420
53 460 427
53 460 434
53 463 427
53 463 434
53 466 426
53 466 433
53 469 426
53 469 433
53 472 424
53 472 431
53 475 420
53 475 431
71 460 440
86 460 460
48 460 480
52 460 500
68 460 520
80 460 540
62 460 560
40 460 580
8 460 600
27 460 620
38 460 640
15 460 660
4 460 680
43 460 700
9 460 720
10 460 740
73 460 760
7 460 780
60 460 800
57 460 820
2 460 840
28 460 860
89 460 880
78 460 900
79 460 920
79 460 935
13 460 940
44 460 960
95 460 980
16 480 0
37 480 20
49 480 40
29 480 60
90 480 80
85 480 100
85 480 106
85 480 112
85 480 118
85 482 108
85 482 110
85 483 106
85 483 118
85 484 104
85 484 116
85 486 106
85 486 118
85 487 104
85 487 116
85 489 110
85 489 118
85 490 104
85 490 116
85 492 110
85 492 118
85 493 108
85 493 116
85 495 104
85 495 106
85 495 118
85 496 116
87 480 120
42 480 140
42 480 143
56 480 160
22 480 180
67 480 200
36 480 220
36 480 224
36 480 228
36 480 232
36 480 236
36 485 220
14 480 240
19 480 260
69 480 280
54 480 300
12 480 320
92 480 340
92 480 354
66 480 360
31 480 380
65 480 400
32 480 420
21 480 440
20 480 460
59 480 480
30 480 500
51 480 520
45 480 540
18 480 560
75 480 580
91 480 600
3 480 620
97 480 640
23 480 660
50 480 680
6 480 700
61 480 720
17 480 740
25 480 760
99 480 780
72 480 800
46 480 820
26 480 840
70 480 860
41 480 880
74 480 900
81 480 920
81 480 924
35 480 940
35 482 940
77 480 960
94 480 980
94 480 990
94 482 980
94 482 990
94 484 980
94 484 990
94 486 994
47 500 0
82 500 20
82 500 24
82 500 28
82 500 32
82 500 36
82 505 20
82 505 28
82 505 36
82 506 26
82 506 34
82 510 20
82 510 36
82 511 26
82 511 34
82 512 30
82 515 20
5 500 40
58 500 60
93 500 80
34 500 100
39 500 120
83 500 140
63 500 160
24 500 180
0 500 200
76 500 220
96 500 240
33 500 260
98 500 280
11 500 300
64 500 320
1 500 340
55 500 360
84 500 380
88 500 400
53 500 420
71 500 440
86 500 460
48 500 480
52 500 500
68 500 520
68 500 533
80 500 540
62 500 560
40 500 580
8 500 600
27 500 620
38 500 640
15 500 660
4 500 680
43 500 700
43 500 708
43 500 716
43 502 704
43 502 712
43 504 700
43 504 708
43 504 716
43 506 704
43 506 712
43 508 700
43 508 708
43 508 716
43 510 704
43 510 712
43 512 700
43 512 708
43 512 716
43 514 704
43 514 712
43 516 700
43 516 708
43 516 716
43 518 704
43 518 712
9 500 720
10 500 740
10 500 745
73 500 760
7 500 780
60 500 800
57 500 820
57 500 826
57 500 832
57 503 820
2 500 840
28 500 860
89 500 880
78 500 900
79 500 920
13 500 940
13 500 952
44 500 960
95 500 980
16 520 0
37 520 20
49 520 40
29 520 60
90 520 80
85 520 100
87 520 120
42 520 140
56 520 160
22 520 180
67 520 200
36 520 220
14 520 240
19 520 260
69 520 280
54 520 300
12 520 320
92 520 340
66 520 360
31 520 380
65 520 400
32 520 420
21 520 440
20 520 460
59 520 480
30 520 500
51 520 520
51 520 522
45 520 540
45 522 540
18 520 560
75 520 580
75 520 589
75 520 598
75 524 589
75 524 598
75 526 587
75 528 589
91 520 600
3 520 620
3 520 624
3 520 628
3 520 632
3 520 636
3 521 620
3 521 628
3 521 636
3 522 628
3 523 628
3 526 622
3 526 630
3 526 638
3 527 624
3 527 632
3 528 620
3 528 632
3 529 620
3 530 620
3 531 620
3 532 626
3 533 622
3 533 630
3 534 622
3 534 630
3 535 622
97 520 640
23 520 660
50 520 680
6 520 700
61 520 720
17 520 740
25 520 760
99 520 780
72 520 800
46 520 820
26 520 840
70 520 860
41 520 880
74 520 900
81 520 920
35 520 940
77 520 960
94 520 980
47 540 0
82 540 20
5 540 40
58 540 60
93 540 80
34 540 100
39 540 120
39 540 132
83 540 140
63 540 160
24 540 180
0 540 200
76 540 220
96 540 240
33 540 260
98 540 280
11 540 300
11 540 307
11 540 314
11 540 317
11 542 308
11 542 315
11 544 304
11 544 311
11 546 300
11 546 307
11 546 314
11 546 317
11 548 308
11 548 315
11 550 304
11 550 311
11 552 300
11 552 307
11 552 314
11 552 317
11 554 308
11 554 315
11 556 304
11 556 311
11 558 300
11 558 307
11 558 314
64 540 320
1 540 340
1 540 344
55 540 360
84 540 380
88 540 400
53 540 420
53 540 428
53 543 420
53 543 428
71 540 440
86 540 460
48 540 480
52 540 500
68 540 520
80 540 540
80 540 553
62 540 560
40 540 580
8 540 600
27 540 620
38 540 640
15 540 660
4 540 680
43 540 700
9 540 720
10 540 740
73 540 760
7 540 780
60 540 800
57 540 820
2 540 840
28 540 860
89 540 880
78 540 900
79 540 920
13 540 940
44 540 960
95 540 980
16 560 0
37 560 20
49 560 40
29 560 60
90 560 80
85 560 100
87 560 120
87 560 122
42 560 140
42 564 140
56 560 160
22 560 180
22 560 191
22 560 195
22 566 187
22 570 194
22 574 194
67 560 200
36 560 220
36 560 223
36 560 226
36 560 229
36 560 232
36 560 235
36 560 238
36 560 239
36 565 223
36 565 226
36 565 229
36 565 232
36 565 235
36 566 222
36 570 226
36 570 229
36 570 232
36 570 235
36 572 230
36 572 231
36 575 226
14 560 240
19 560 260
69 560 280
54 560 300
12 560 320
92 560 340
66 560 360
31 560 380
65 560 400
32 560 420
21 560 440
20 560 460
59 560 480
30 560 500
51 560 520
45 560 540
18 560 560
75 560 580
91 560 600
3 560 620
97 560 640
23 560 660
50 560 680
6 560 700
61 560 720
61 560 734
17 560 740
25 560 760
99 560 780
72 560 800
46 560 820
26 560 840
70 560 860
41 560 880
74 560 900
74 560 909
74 562 900
74 562 909
74 564 900
74 564 909
74 566 900
74 566 909
74 568 900
74 568 909
74 570 900
74 570 909
74 572 900
74 572 909
74 574 900
74 574 909
74 576 900
74 576 909
74 578 900
74 578 909
81 560 920
35 560 940
35 560 945
77 560 960
94 560 980
47 580 0
82 580 20
82 580 25
82 580 30
82 580 35
82 585 20
5 580 40
58 580 60
93 580 80
34 580 100
39 580 120
83 580 140
83 580 155
63 580 160
24 580 180
0 580 200
76 580 220
96 580 240
33 580 260
98 580 280
11 580 300
64 580 320
1 580 340
55 580 360
84 580 380
88 580 400
53 580 420
71 580 440
86 580 460
48 580 480
52 580 500
68 580 520
80 580 540
62 580 560
40 580 580
8 580 600
27 580 620
38 580 640
15 580 660
4 580 680
43 580 700
9 580 720
9 580 723
10 580 740
10 583 740
73 580 760
7 580 780
7 580 788
7 580 796
7 580 797
7 580 798
7 580 799
7 581 780
60 580 800
57 580 820
57 580 825
57 580 830
57 580 835
57 583 820
57 583 830
57 586 820
57 586 827
57 586 832
57 589 820
57 589 827
57 589 834
57 592 822
57 592 829
57 592 836
2 580 840
28 580 860
89 580 880
78 580 900
79 580 920
13 580 940
44 580 960
95 580 980
16 600 0
37 600 20
49 600 40
29 600 60
90 600 80
85 600 100
87 600 120
42 600 140
56 600 160
22 600 180
67 600 200
36 600 220
14 600 240
19 600 260
69 600 280
54 600 300
12 600 320
12 600 333
92 600 340
66 600 360
31 600 380
65 600 400
32 600 420
21 600 440
20 600 460
59 600 480
30 600 500
30 600 509
30 602 514
30 605 500
30 605 509
30 607 514
30 610 500
30 610 509
30 612 514
30 615 500
51 600 520
45 600 540
45 600 543
18 600 560
75 600 580
91 600 600
3 600 620
3 600 625
3 600 630
3 600 635
3 601 620
97 600 640
23 600 660
50 600 680
6 600 700
61 600 720
17 600 740
17 600 751
25 600 760
99 600 780
72 600 800
46 600 820
26 600 840
70 600 860
41 600 880
74 600 900
81 600 920
35 600 940
77 600 960
94 600 980
47 620 0
82 620 20
5 620 40
58 620 60
93 620 80
34 620 100
39 620 120
83 620 140
63 620 160
24 620 180
0 620 200
76 620 220
96 620 240
33 620 260
98 620 280
11 620 300
64 620 320
64 622 320
1 620 340
1 623 340
55 620 360
84 620 380
84 620 392
84 625 380
84 630 380
84 632 385
88 620 400
53 620 420
53 620 427
53 620 434
53 623 427
53 623 434
53 626 426
53 626 433
53 629 426
53 629 433
53 632 424
53 632 431
53 635 420
53 635 431
71 620 440
86 620 460
48 620 480
52 620 500
68 620 520
80 620 540
62 620 560
40 620 580
8 620 600
27 620 620
38 620 640
15 620 660
4 620 680
43 620 700
9 620 720
10 620 740
73 620 760
7 620 780
60 620 800
57 620 820
2 620 840
28 620 860
89 620 880
78 620 900
79 620 920
79 620 935
13 620 940
44 620 960
95 620 980
16 640 0
37 640 20
49 640 40
29 640 60
90 640 80
85 640 100
85 640 106
85 640 112
85 640 118
85 642 108
85 642 110
85 643 106
85 643 118
85 644 104
85 644 116
85 646 106
85 646 118
85 647 104
85 647 116
85 649 110
85 649 118
85 650 104
85 650 116
85 652 110
85 652 118
85 653 108
85 653 116
85 655 104
85 655 106
85 655 118
85 656 116
87 640 120
42 640 140
42 640 143
56 640 160
22 640 180
67 640 200
36 640 220
36 640 224
36 640 228
36 640 232
36 640 236
36 645 220
14 640 240
19 640 260
69 640 280
54 640 300
12 640 320
92 640 340
92 640 354
66 640 360
31 640 380
65 640 400
32 640 420
21 640 440
20 640 460
59 640 480
30 640 500
51 640 520
45 640 540
18 640 560
75 640 580
91 640 600
3 640 620
97 640 640
23 640 660
50 640 680
6 640 700
61 640 720
17 640 740
25 640 760
99 640 780
72 640 800
46 640 820
26 640 840
70 640 860
41 640 880
74 640 900
81 640 920
81 640 924
35 640 940
35 642 940
77 640 960
94 640 980
94 640 990
94 642 980
94 642 990
94 644 980
94 644 990
94 646 994
47 660 0
82 660 20
82 660 24
82 660 28
82 660 32
82 660 36
82 665 20
82 665 28
82 665 36
82 666 26
82 666 34
82 670 20
82 670 36
82 671 26
82 671 34
82 672 30
82 675 20
5 660 40
58 660 60
93 660 80
34 660 100
39 660 120
83 660 140
63 660 160
24 660 180
0 660 200
76 660 220
96 660 240
33 660 260
98 660 280
11 660 300
64 660 320
1 660 340
55 660 360
84 660 380
88 660 400
53 660 420
71 660 440
86 660 460
48 660 480
52 660 500
68 660 520
68 660 533
80 660 540
62 660 560
40 660 580
8 660 600
27 660 620
38 660 640
15 660 660
4 660 680
43 660 700
43 660 708
43 660 716
43 662 704
43 662 712
43 664 700
43 664 708
43 664 716
43 666 704
43 666 712
43 668 700
43 668 708
43 668 716
43 670 704
43 670 712
43 672 700
43 672 708
43 672 716
43 674 704
43 674 712
43 676 700
43 676 708
43 676 716
43 678 704
43 678 712
9 660 720
10 660 740
10 660 745
73 660 760
7 660 780
60 660 800
57 660 820
57 660 826
57 660 832
57 663 820
2 660 840
28 660 860
89 660 880
78 660 900
79 660 920
13 660 940
13 660 952
44 660 960
95 660 980
16 680 0
37 680 20
49 680 40
29 680 60
90 680 80
85 680 100
87 680 120
42 680 140
56 680 160
22 680 180
67 680 200
36 680 220
14 680 240
19 680 260
69 680 280
54 680 300
12 680 320
92 680 340
66 680 360
31 680 380
65 680 400
32 680 420
21 680 440
20 680 460
59 680 480
30 680 500
51 680 520
51 680 522
45 680 540
45 682 540
18 680 560
75 680 580
75 680 589
75 680 598
75 684 589
75 684 598
75 686 587
75 688 589
91 680 600
3 680 620
3 680 624
3 680 628
3 680 632
3 680 636
3 681 620
3 681 628
3 681 636
3 682 628
3 683 628
3 686 622
3 686 630
3 686 638
3 687 624
3 687 632
3 688 620
3 688 632
3 689 620
3 690 620
3 691 620
3 692 626
3 693 622
3 693 630
3 694 622
3 694 630
3 695 622
97 680 640
23 680 660
50 680 680
6 680 700
61 680 720
17 680 740
25 680 760
99 680 780
72 680 800
46 680 820
26 680 840
70 680 860
41 680 880
74 680 900
81 680 920
35 680 940
77 680 960
94 680 980
47 700 0
82 700 20
5 700 40
58 700 60
93 700 80
34 700 100
39 700 120
39 700 132
83 700 140
63 700 160
24 700 180
0 700 200
76 700 220
96 700 240
33 700 260
98 700 280
11 700 300
11 700 307
11 700 314
11 700 317
11 702 308
11 702 315
11 704 304
11 704 311
11 706 300
11 706 307
11 706 314
11 706 317
11 708 308
11 708 315
11 710 304
11 710 311
11 712 300
11 712 307
11 712 314
11 712 317
11 714 308
11 714 315
11 716 304
11 716 311
11 718 300
11 718 307
11 718 314
64 700 320
1 700 340
1 700 344
55 700 360
84 700 380
88 700 400
53 700 420
53 700 428
53 703 420
53 703 428
71 700 440
86 700 460
48 700 480
52 700 500
68 700 520
80 700 540
80 700 553
62 700 560
40 700 580
8 700 600
27 700 620
38 700 640
15 700 660
4 700 680
43 700 700
9 700 720
10 700 740
73 700 760
7 700 780
60 700 800
57 700 820
2 700 840
28 700 860
89 700 880
78 700 900
79 700 920
13 700 940
44 700 960
95 700 980
16 720 0
37 720 20
49 720 40
29 720 60
90 720 80
85 720 100
87 720 120
87 720 122
42 720 140
42 724 140
56 720 160
22 720 180
22 720 191
22 720 195
22 726 187
22 730 194
22 734 194
67 720 200
36 720 220
36 720 223
36 720 226
36 720 229
36 720 232
36 720 235
36 720 238
36 720 239
36 725 223
36 725 226
36 725 229
36 725 232
36 725 235
36 726 222
36 730 226
36 730 229
36 730 232
36 730 235
36 732 230
36 732 231
36 735 226
14 720 240
19 720 260
69 720 280
54 720 300
12 720 320
92 720 340
66 720 360
31 720 380
65 720 400
32 720 420
21 720 440
20 720 460
59 720 480
30 720 500
51 720 520
45 720 540
18 720 560
75 720 580
91 720 600
3 720 620
97 720 640
23 720 660
50 720 680
6 720 700
61 720 720
61 720 734
17 720 740
25 720 760
99 720 780
72 720 800
46 720 820
26 720 840
70 720 860
41 720 880
74 720 900
74 720 909
74 722 900
74 722 909
74 724 900
74 724 909
74 726 900
74 726 909
74 728 900
74 728 909
74 730 900
74 730 909
74 732 900
74 732 909
74 734 900
74 734 909
74 736 900
74 736 909
74 738 900
74 738 909
81 720 920
35 720 940
35 720 945
77 720 960
94 720 980
47 740 0
82 740 20
82 740 25
82 740 30
82 740 35
82 745 20
5 740 40
58 740 60
93 740 80
34 740 100
39 740 120
83 740 140
83 740 155
63 740 160
24 740 180
0 740 200
76 740 220
96 740 240
33 740 260
98 740 280
11 740 300
64 740 320
1 740 340
55 740 360
84 740 380
88 740 400
53 740 420
71 740 440
86 740 460
48 740 480
52 740 500
68 740 520
80 740 540
62 740 560
40 740 580
8 740 600
27 740 620
38 740 640
15 740 660
4 740 680
43 740 700
9 740 720
9 740 723
10 740 740
10 743 740
73 740 760
7 740 780
7 740 788
7 740 796
7 740 797
7 740 798
7 740 799
7 741 780
60 740 800
57 740 820
57 740 825
57 740 830
57 740 835
57 743 820
57 743 830
57 746 820
57 746 827
57 746 832
57 749 820
57 749 827
57 749 834
57 752 822
57 752 829
57 752 836
2 740 840
28 740 860
89 740 880
78 740 900
79 740 920
13 740 940
44 740 960
95 740 980
16 760 0
37 760 20
49 760 40
29 760 60
90 760 80
85 760 100
87 760 120
42 760 140
56 760 160
22 760 180
67 760 200
36 760 220
14 760 240
19 760 260
69 760 280
54 760 300
12 760 320
12 760 333
92 760 340
66 760 360
31 760 380
65 760 400
32 760 420
21 760 440
20 760 460
59 760 480
30 760 500
30 760 509
30 762 514
30 765 500
30 765 509
30 767 514
30 770 500
30 770 509
30 772 514
30 775 500
51 760 520
45 760 540
45 760 543
18 760 560
75 760 580
91 760 600
3 760 620
3 760 625
3 760 630
3 760 635
3 761 620
97 760 640
23 760 660
50 760 680
6 760 700
61 760 720
17 760 740
17 760 751
25 760 760
99 760 780
72 760 800
46 760 820
26 760 840
70 760 860
41 760 880
74 760 900
81 760 920
35 760 940
77 760 960
94 760 980
47 780 0
82 780 20
5 780 40
58 780 60
93 780 80
34 780 100
39 780 120
83 780 140
63 780 160
24 780 180
0 780 200
76 780 220
96 780 240
33 780 260
98 780 280
11 780 300
64 780 320
64 782 320
1 780 340
1 783 340
55 780 360
84 780 380
84 780 392
84 785 380
84 790 380
84 792 385
88 780 400
53 780 420
53 780 427
53 780 434
53 783 427
53 783 434
53 786 426
53 786 433
53 789 426
53 789 433
53 792 424
53 792 431
53 795 420
53 795 431
71 780 440
86 780 460
48 780 480
52 780 500
68 780 520
80 780 540
62 780 560
40 780 580
8 780 600
27 780 620
38 780 640
15 780 660
4 780 680
43 780 700
9 780 720
10 780 740
73 780 760
7 780 780
60 780 800
57 780 820
2 780 840
28 780 860
89 780 880
78 780 900
79 780 920
79 780 935
13 780 940
44 780 960
95 780 980
16 800 0
37 800 20
49 800 40
29 800 60
90 800 80
85 800 100
85 800 106
85 800 112
85 800 118
85 802 108
85 802 110
85 803 106
85 803 118
85 804 104
85 804 116
85 806 106
85 806 118
85 807 104
85 807 116
85 809 110
85 809 118
85 810 104
85 810 116
85 812 110
85 812 118
85 813 108
85 813 116
85 815 104
85 815 106
85 815 118
85 816 116
87 800 120
42 800 140
42 800 143
56 800 160
22 800 180
67 800 200
36 800 220
36 800 224
36 800 228
36 800 232
36 800 236
36 805 220
14 800 240
19 800 260
69 800 280
54 800 300
12 800 320
92 800 340
92 800 354
66 800 360
31 800 380
65 800 400
32 800 420
21 800 440
20 800 460
59 800 480
30 800 500
51 800 520
45 800 540
18 800 560
75 800 580
91 800 600
3 800 620
97 800 640
23 800 660
50 800 680
6 800 700
61 800 720
17 800 740
25 800 760
99 800 780
72 800 800
46 800 820
26 800 840
70 800 860
41 800 880
74 800 900
81 800 920
81 800 924
35 800 940
35 802 940
77 800 960
94 800 980
94 800 990
94 802 980
94 802 990
94 804 980
94 804 990
94 806 994
47 820 0
82 820 20
82 820 24
82 820 28
82 820 32
82 820 36
82 825 20
82 825 28
82 825 36
82 826 26
82 826 34
82 830 20
82 830 36
82 831 26
82 831 34
82 832 30
82 835 20
5 820 40
58 820 60
93 820 80
34 820 100
39 820 120
83 820 140
63 820 160
24 820 180
0 820 200
76 820 220
96 820 240
33 820 260
98 820 280
11 820 300
64 820 320
1 820 340
55 820 360
84 820 380
88 820 400
53 820 420
71 820 440
86 820 460
48 820 480
52 820 500
68 820 520
68 820 533
80 820 540
62 820 560
40 820 580
8 820 600
27 820 620
38 820 640
15 820 660
4 820 680
43 820 700
43 820 708
43 820 716
43 822 704
43 822 712
43 824 700
43 824 708
43 824 716
43 826 704
43 826 712
43 828 700
43 828 708
43 828 716
43 830 704
43 830 712
43 832 700
43 832 708
43 832 716
43 834 704
43 834 712
43 836 700
43 836 708
43 836 716
43 838 704
43 838 712
9 820 720
10 820 740
10 820 745
73 820 760
7 820 780
60 820 800
57 820 820
57 820 826
57 820 832
57 823 820
2 820 840
28 820 860
89 820 880
78 820 900
79 820 920
13 820 940
13 820 952
44 820 960
95 820 980
16 840 0
37 840 20
49 840 40
29 840 60
90 840 80
85 840 100
87 840 120
42 840 140
56 840 160
22 840 180
67 840 200
36 840 220
14 840 240
19 840 260
69 840 280
54 840 300
12 840 320
92 840 340
66 840 360
31 840 380
65 840 400
32 840 420
21 840 440
20 840 460
59 840 480
30 840 500
51 840 520
51 840 522
45 840 540
45 842 540
18 840 560
75 840 580
75 840 589
75 840 598
75 844 589
75 844 598
75 846 587
75 848 589
91 840 600
3 840 620
3 840 624
3 840 628
3 840 632
3 840 636
3 841 620
3 841 628
3 841 636
3 842 628
3 843 628
3 846 622
3 846 630
3 846 638
3 847 624
3 847 632
3 848 620
3 848 632
3 849 620
3 850 620
3 851 620
3 852 626
3 853 622
3 853 630
3 854 622
3 854 630
3 855 622
97 840 640
23 840 660
50 840 680
6 840 700
61 840 720
17 840 740
25 840 760
99 840 780
72 840 800
46 840 820
26 840 840
70 840 860
41 840 880
74 840 900
81 840 920
35 840 940
77 840 960
94 840 980
47 860 0
82 860 20
5 860 40
58 860 60
93 860 80
34 860 100
39 860 120
39 860 132
83 860 140
63 860 160
24 860 180
0 860 200
76 860 220
96 860 240
33 860 260
98 860 280
11 860 300
11 860 307
11 860 314
11 860 317
11 862 308
11 862 315
11 864 304
11 864 311
11 866 300
11 866 307
11 866 314
11 866 317
11 868 308
11 868 315
11 870 304
11 870 311
11 872 300
11 872 307
11 872 314
11 872 317
11 874 308
11 874 315
11 876 304
11 876 311
11 878 300
11 878 307
11 878 314
64 860 320
1 860 340
1 860 344
55 860 360
84 860 380
88 860 400
53 860 420
53 860 428
53 863 420
53 863 428
71 860 440
86 860 460
48 860 480
52 860 500
68 860 520
80 860 540
80 860 553
62 860 560
40 860 580
8 860 600
27 860 620
38 860 640
15 860 660
4 860 680
43 860 700
9 860 720
10 860 740
73 860 760
7 860 780
60 860 800
57 860 820
2 860 840
28 860 860
89 860 880
78 860 900
79 860 920
13 860 940
44 860 960
95 860 980
16 880 0
37 880 20
49 880 40
29 880 60
90 880 80
85 880 100
87 880 120
87 880 122
42 880 140
42 884 140
56 880 160
22 880 180
22 880 191
22 880 195
22 886 187
22 890 194
22 894 194
67 880 200
36 880 220
36 880 223
36 880 226
36 880 229
36 880 232
36 880 235
36 880 238
36 880 239
36 885 223
36 885 226
36 885 229
36 885 232
36 885 235
36 886 222
36 890 226
36 890 229
36 890 232
36 890 235
36 892 230
36 892 231
36 895 226
14 880 240
19 880 260
69 880 280
54 880 300
12 880 320
92 880 340
66 880 360
31 880 380
65 880 400
32 880 420
21 880 440
20 880 460
59 880 480
30 880 500
51 880 520
45 880 540
18 880 560
75 880 580
91 880 600
3 880 620
97 880 640
23 880 660
50 880 680
6 880 700
61 880 720
61 880 734
17 880 740
25 880 760
99 880 780
72 880 800
46 880 820
26 880 840
70 880 860
41 880 880
74 880 900
74 880 909
74 882 900
74 882 909
74 884 900
74 884 909
74 886 900
74 886 909
74 888 900
74 888 909
74 890 900
74 890 909
74 892 900
74 892 909
74 894 900
74 894 909
74 896 900
74 896 909
74 898 900
74 898 909
81 880 920
35 880 940
35 880 945
77 880 960
94 880 980
47 900 0
82 900 20
82 900 25
82 900 30
82 900 35
82 905 20
5 900 40
58 900 60
93 900 80
34 900 100
39 900 120
83 900 140
83 900 155
63 900 160
24 900 180
0 900 200
76 900 220
96 900 240
33 900 260
98 900 280
11 900 300
64 900 320
1 900 340
55 900 360
84 900 380
88 900 400
53 900 420
71 900 440
86 900 460
48 900 480
52 900 500
68 900 520
80 900 540
62 900 560
40 900 580
8 900 600
27 900 620
38 900 640
15 900 660
4 900 680
43 900 700
9 900 720
9 900 723
10 900 740
10 903 740
73 900 760
7 900 780
7 900 788
7 900 796
7 900 797
7 900 798
7 900 799
7 901 780
60 900 800
57 900 820
57 900 825
57 900 830
57 900 835
57 903 820
57 903 830
57 906 820
57 906 827
57 906 832
57 909 820
57 909 827
57 909 834
57 912 822
57 912 829
57 912 836
2 900 840
28 900 860
89 900 880
78 900 900
79 900 920
13 900 940
44 900 960
95 900 980
16 920 0
37 920 20
49 920 40
29 920 60
90 920 80
85 920 100
87 920 120
42 920 140
56 920 160
22 920 180
67 920 200
36 920 220
14 920 240
19 920 260
69 920 280
54 920 300
12 920 320
12 920 333
92 920 340
66 920 360
31 920 380
65 920 400
32 920 420
21 920 440
20 920 460
59 920 480
30 920 500
30 920 509
30 922 514
30 925 500
30 925 509
30 927 514
30 930 500
30 930 509
30 932 514
30 935 500
51 920 520
45 920 540
45 920 543
18 920 560
75 920 580
91 920 600
3 920 620
3 920 625
3 920 630
3 920 635
3 921 620
97 920 640
23 920 660
50 920 680
6 920 700
61 920 720
17 920 740
17 920 751
25 920 760
99 920 780
72 920 800
46 920 820
26 920 840
70 920 860
41 920 880
74 920 900
81 920 920
35 920 940
77 920 960
94 920 980
47 940 0
82 940 20
5 940 40
58 940 60
93 940 80
34 940 100
39 940 120
83 940 140
63 940 160
24 940 180
0 940 200
76 940 220
96 940 240
33 940 260
98 940 280
11 940 300
64 940 320
64 942 320
1 940 340
1 943 340
55 940 360
84 940 380
84 940 392
84 945 380
84 950 380
84 952 385
88 940 400
53 940 420
53 940 427
53 940 434
53 943 427
53 943 434
53 946 426
53 946 433
53 949 426
53 949 433
53 952 424
53 952 431
53 955 420
53 955 431
71 940 440
86 940 460
48 940 480
52 940 500
68 940 520
80 940 540
62 940 560
40 940 580
8 940 600
27 940 620
38 940 640
15 940 660
4 940 680
43 940 700
9 940 720
10 940 740
73 940 760
7 940 780
60 940 800
57 940 820
2 940 840
28 940 860
89 940 880
78 940 900
79 940 920
79 940 935
13 940 940
44 940 960
95 940 980
16 960 0
37 960 20
49 960 40
29 960 60
90 960 80
85 960 100
85 960 106
85 960 112
85 960 118
85 962 108
85 962 110
85 963 106
85 963 118
85 964 104
85 964 116
85 966 106
85 966 118
85 967 104
85 967 116
85 969 110
85 969 118
85 970 104
85 970 116
85 972 110
85 972 118
85 973 108
85 973 116
85 975 104
85 975 106
85 975 118
85 976 116
87 960 120
42 960 140
42 960 143
56 960 160
22 960 180
67 960 200
36 960 220
36 960 224
36 960 228
36 960 232
36 960 236
36 965 220
14 960 240
19 960 260
69 960 280
54 960 300
12 960 320
92 960 340
92 960 354
66 960 360
31 960 380
65 960 400
32 960 420
21 960 440
20 960 460
59 960 480
30 960 500
51 960 520
45 960 540
18 960 560
75 960 580
91 960 600
3 960 620
97 960 640
23 960 660
50 960 680
6 960 700
61 960 720
17 960 740
25 960 760
99 960 780
72 960 800
46 960 820
26 960 840
70 960 860
41 960 880
74 960 900
81 960 920
81 960 924
35 960 940
35 962 940
77 960 960
94 960 980
94 960 990
94 962 980
94 962 990
94 964 980
94 964 990
94 966 994
47 980 0
82 980 20
82 980 24
82 980 28
82 980 32
82 980 36
82 985 20
82 985 28
82 985 36
82 986 26
82 986 34
82 990 20
82 990 36
82 991 26
82 991 34
82 992 30
82 995 20
5 980 40
58 980 60
93 980 80
34 980 100
39 980 120
83 980 140
63 980 160
24 980 180
0 980 200
76 980 220
96 980 240
33 980 260
98 980 280
11 980 300
64 980 320
1 980 340
55 980 360
84 980 380
88 980 400
53 980 420
71 980 440
86 980 460
48 980 480
52 980 500
68 980 520
68 980 533
80 980 540
62 980 560
40 980 580
8 980 600
27 980 620
38 980 640
15 980 660
4 980 680
43 980 700
43 980 708
43 980 716
43 982 704
43 982 712
43 984 700
43 984 708
43 984 716
43 986 704
43 986 712
43 988 700
43 988 708
43 988 716
43 990 704
43 990 712
43 992 700
43 992 708
43 992 716
43 994 704
43 994 712
43 996 700
43 996 708
43 996 716
43 998 704
43 998 712
9 980 720
10 980 740
10 980 745
73 980 760
7 980 780
60 980 800
57 980 820
57 980 826
57 980 832
57 983 820
2 980 840
28 980 860
89 980 880
78 980 900
79 980 920
13 980 940
13 980 952
44 980 960
95 980 980
142 0 102
142 0 108
142 0 114
142 2 102
142 2 114
142 4 100
142 4 112
142 5 108
142 6 100
142 6 112
142 7 108
142 8 100
142 8 112
142 9 106
142 10 100
142 10 112
142 11 106
142 12 100
142 12 112
142 13 104
142 14 100
142 14 112
142 16 100
142 16 108
142 16 112
142 18 100
142 18 104
142 18 108
134 4 140
110 0 221
110 0 225
110 0 229
110 0 233
110 0 237
169 0 344
137 5 920
121 0 945
138 0 983
138 0 993
138 6 980
138 6 987
138 12 980
138 12 987
112 20 22
112 20 26
112 20 30
112 20 34
112 20 38
112 25 24
112 25 32
112 26 22
112 26 30
112 26 38
112 30 28
112 31 24
112 31 32
112 32 22
112 32 38
163 20 523
142 20 704
142 20 712
142 22 700
142 22 708
142 22 716
142 24 704
142 24 712
142 26 700
142 26 708
142 26 716
142 28 704
142 28 712
142 30 700
142 30 708
142 30 716
142 32 704
142 32 712
142 34 700
142 34 708
142 34 716
142 36 704
142 36 712
142 38 700
142 38 708
142 38 716
134 23 740
110 20 823
110 20 829
110 20 835
169 20 942
137 45 520
121 40 543
138 40 582
138 40 591
138 46 580
138 46 591
138 52 580
138 52 587
112 40 622
112 40 626
112 40 630
112 40 634
112 40 638
112 41 624
112 41 632
112 42 620
112 42 636
112 44 628
112 46 626
112 46 634
112 47 622
112 47 630
112 47 638
112 48 624
112 48 636
112 49 632
112 50 628
112 52 620
112 52 634
112 53 626
112 53 638
112 54 624
112 54 636
163 60 122
142 60 303
142 60 310
142 62 300
142 62 304
142 62 311
142 64 300
142 64 307
142 64 314
142 66 303
142 66 310
142 68 300
142 68 304
142 68 311
142 70 300
142 70 307
142 70 314
142 72 303
142 72 310
142 74 300
142 74 304
142 74 311
142 76 300
142 76 307
142 76 314
142 78 303
142 78 310
134 63 340
110 60 425
110 60 433
110 60 436
169 60 543
137 84 120
121 80 143
138 80 184
138 84 191
138 86 180
138 90 187
138 92 180
112 80 221
112 80 224
112 80 227
112 80 230
112 80 233
112 80 236
112 85 238
112 86 220
112 86 224
112 86 227
112 86 230
112 86 233
112 86 236
112 91 222
112 91 238
112 92 220
112 92 224
112 92 227
112 92 233
112 92 236
163 80 724
142 80 905
142 80 914
142 82 905
142 82 914
142 84 905
142 84 914
142 86 905
142 86 914
142 88 905
142 88 914
142 90 905
142 90 914
142 92 905
142 92 914
142 94 905
142 94 914
142 96 905
142 96 914
142 98 905
142 98 914
134 82 940
110 100 22
110 100 27
110 100 32
110 100 37
169 100 145
137 102 720
121 100 745
138 100 781
138 100 789
138 106 780
138 106 787
138 112 780
138 112 787
112 100 823
112 100 828
112 100 833
112 100 838
112 103 825
112 103 835
112 106 823
112 106 830
112 106 837
112 109 825
112 109 832
112 112 820
112 112 827
112 112 834
163 120 323
142 120 505
142 120 514
142 122 505
142 124 505
142 126 505
142 128 505
142 130 505
142 132 505
142 134 505
142 135 509
142 136 505
142 137 509
134 122 540
110 120 622
110 120 627
110 120 632
110 120 637
169 120 741
137 140 321
121 140 344
138 140 385
138 145 392
138 146 385
138 151 392
112 140 425
112 140 432
112 143 420
112 143 422
112 146 424
112 146 431
112 146 438
112 149 420
112 149 422
112 152 429
112 152 436
112 152 438
163 140 925
142 160 102
142 160 108
142 160 114
142 162 102
142 162 114
142 164 100
142 164 112
142 165 108
142 166 100
142 166 112
142 167 108
142 168 100
142 168 112
142 169 106
142 170 100
142 170 112
142 171 106
142 172 100
142 172 112
142 173 104
142 174 100
142 174 112
142 176 100
142 176 108
142 176 112
142 178 100
142 178 104
142 178 108
134 164 140
110 160 221
110 160 225
110 160 229
110 160 233
110 160 237
169 160 344
137 165 920
121 160 945
138 160 983
138 160 993
138 166 980
138 166 987
138 172 980
138 172 987
112 180 22
112 180 26
112 180 30
112 180 34
112 180 38
112 185 24
112 185 32
112 186 22
112 186 30
112 186 38
112 190 28
112 191 24
112 191 32
112 192 22
112 192 38
163 180 523
142 180 704
142 180 712
142 182 700
142 182 708
142 182 716
142 184 704
142 184 712
142 186 700
142 186 708
142 186 716
142 188 704
142 188 712
142 190 700
142 190 708
142 190 716
142 192 704
142 192 712
142 194 700
142 194 708
142 194 716
142 196 704
142 196 712
142 198 700
142 198 708
142 198 716
134 183 740
110 180 823
110 180 829
110 180 835
169 180 942
137 205 520
121 200 543
138 200 582
138 200 591
138 206 580
138 206 591
138 212 580
138 212 587
112 200 622
112 200 626
112 200 630
112 200 634
112 200 638
112 201 624
112 201 632
112 202 620
112 202 636
112 204 628
112 206 626
112 206 634
112 207 622
112 207 630
112 207 638
112 208 624
112 208 636
112 209 632
112 210 628
112 212 620
112 212 634
112 213 626
112 213 638
112 214 624
112 214 636
163 220 122
142 220 303
142 220 310
142 222 300
142 222 304
142 222 311
142 224 300
142 224 307
142 224 314
142 226 303
142 226 310
142 228 300
142 228 304
142 228 311
142 230 300
142 230 307
142 230 314
142 232 303
142 232 310
142 234 300
142 234 304
142 234 311
142 236 300
142 236 307
142 236 314
142 238 303
142 238 310
134 223 340
110 220 425
110 220 433
110 220 436
169 220 543
137 244 120
121 240 143
138 240 184
138 244 191
138 246 180
138 250 187
138 252 180
112 240 221
112 240 224
112 240 227
112 240 230
112 240 233
112 240 236
112 245 238
112 246 220
112 246 224
112 246 227
112 246 230
112 246 233
112 246 236
112 251 222
112 251 238
112 252 220
112 252 224
112 252 227
112 252 233
112 252 236
163 240 724
142 240 905
142 240 914
142 242 905
142 242 914
142 244 905
142 244 914
142 246 905
142 246 914
142 248 905
142 248 914
142 250 905
142 250 914
142 252 905
142 252 914
142 254 905
142 254 914
142 256 905
142 256 914
142 258 905
142 258 914
134 242 940
110 260 22
110 260 27
110 260 32
110 260 37
169 260 145
137 262 720
121 260 745
138 260 781
138 260 789
138 266 780
138 266 787
138 272 780
138 272 787
112 260 823
112 260 828
112 260 833
112 260 838
112 263 825
112 263 835
112 266 823
112 266 830
112 266 837
112 269 825
112 269 832
112 272 820
112 272 827
112 272 834
163 280 323
142 280 505
142 280 514
142 282 505
142 284 505
142 286 505
142 288 505
142 290 505
142 292 505
142 294 505
142 295 509
142 296 505
142 297 509
134 282 540
110 280 622
110 280 627
110 280 632
110 280 637
169 280 741
137 300 321
121 300 344
138 300 385
138 305 392
138 306 385
138 311 392
112 300 425
112 300 432
112 303 420
112 303 422
112 306 424
112 306 431
112 306 438
112 309 420
112 309 422
112 312 429
112 312 436
112 312 438
163 300 925
142 320 102
142 320 108
142 320 114
142 322 102
142 322 114
142 324 100
142 324 112
142 325 108
142 326 100
142 326 112
142 327 108
142 328 100
142 328 112
142 329 106
142 330 100
142 330 112
142 331 106
142 332 100
142 332 112
142 333 104
142 334 100
142 334 112
142 336 100
142 336 108
142 336 112
142 338 100
142 338 104
142 338 108
134 324 140
110 320 221
110 320 225
110 320 229
110 320 233
110 320 237
169 320 344
137 325 920
121 320 945
138 320 983
138 320 993
138 326 980
138 326 987
138 332 980
138 332 987
112 340 22
112 340 26
112 340 30
112 340 34
112 340 38
112 345 24
112 345 32
112 346 22
112 346 30
112 346 38
112 350 28
112 351 24
112 351 32
112 352 22
112 352 38
163 340 523
142 340 704
142 340 712
142 342 700
142 342 708
142 342 716
142 344 704
142 344 712
142 346 700
142 346 708
142 346 716
142 348 704
142 348 712
142 350 700
142 350 708
142 350 716
142 352 704
142 352 712
142 354 700
142 354 708
142 354 716
142 356 704
142 356 712
142 358 700
142 358 708
142 358 716
134 343 740
110 340 823
110 340 829
110 340 835
169 340 942
137 365 520
121 360 543
138 360 582
138 360 591
138 366 580
138 366 591
138 372 580
138 372 587
112 360 622
112 360 626
112 360 630
112 360 634
112 360 638
112 361 624
112 361 632
112 362 620
112 362 636
112 364 628
112 366 626
112 366 634
112 367 622
112 367 630
112 367 638
112 368 624
112 368 636
112 369 632
112 370 628
112 372 620
112 372 634
112 373 626
112 373 638
112 374 624
112 374 636
163 380 122
142 380 303
142 380 310
142 382 300
142 382 304
142 382 311
142 384 300
142 384 307
142 384 314
142 386 303
142 386 310
142 388 300
142 388 304
142 388 311
142 390 300
142 390 307
142 390 314
142 392 303
142 392 310
142 394 300
142 394 304
142 394 311
142 396 300
142 396 307
142 396 314
142 398 303
142 398 310
134 383 340
110 380 425
110 380 433
110 380 436
169 380 543
137 404 120
121 400 143
138 400 184
138 404 191
138 406 180
138 410 187
138 412 180
112 400 221
112 400 224
112 400 227
112 400 230
112 400 233
112 400 236
112 405 238
112 406 220
112 406 224
112 406 227
112 406 230
112 406 233
112 406 236
112 411 222
112 411 238
112 412 220
112 412 224
112 412 227
112 412 233
112 412 236
163 400 724
142 400 905
142 400 914
142 402 905
142 402 914
142 404 905
142 404 914
142 406 905
142 406 914
142 408 905
142 408 914
142 410 905
142 410 914
142 412 905
142 412 914
142 414 905
142 414 914
142 416 905
142 416 914
142 418 905
142 418 914
134 402 940
110 420 22
110 420 27
110 420 32
110 420 37
169 420 145
137 422 720
121 420 745
138 420 781
138 420 789
138 426 780
138 426 787
138 432 780
138 432 787
112 420 823
112 420 828
112 420 833
112 420 838
112 423 825
112 423 835
112 426 823
112 426 830
112 426 837
112 429 825
112 429 832
112 432 820
112 432 827
112 432 834
163 440 323
142 440 505
142 440 514
142 442 505
142 444 505
142 446 505
142 448 505
142 450 505
142 452 505
142 454 505
142 455 509
142 456 505
142 457 509
134 442 540
110 440 622
110 440 627
110 440 632
110 440 637
169 440 741
137 460 321
121 460 344
138 460 385
138 465 392
138 466 385
138 471 392
112 460 425
112 460 432
112 463 420
112 463 422
112 466 424
112 466 431
112 466 438
112 469 420
112 469 422
112 472 429
112 472 436
112 472 438
163 460 925
142 480 102
142 480 108
142 480 114
142 482 102
142 482 114
142 484 100
142 484 112
142 485 108
142 486 100
142 486 112
142 487 108
142 488 100
142 488 112
142 489 106
142 490 100
142 490 112
142 491 106
142 492 100
142 492 112
142 493 104
142 494 100
142 494 112
142 496 100
142 496 108
142 496 112
142 498 100
142 498 104
142 498 108
134 484 140
110 480 221
110 480 225
110 480 229
110 480 233
110 480 237
169 480 344
137 485 920
121 480 945
138 480 983
138 480 993
138 486 980
138 486 987
138 492 980
138 492 987
112 500 22
112 500 26
112 500 30
112 500 34
112 500 38
112 505 24
112 505 32
112 506 22
112 506 30
112 506 38
112 510 28
112 511 24
112 511 32
112 512 22
112 512 38
163 500 523
142 500 704
142 500 712
142 502 700
142 502 708
142 502 716
142 504 704
142 504 712
142 506 700
142 506 708
142 506 716
142 508 704
142 508 712
142 510 700
142 510 708
142 510 716
142 512 704
142 512 712
142 514 700
142 514 708
142 514 716
142 516 704
142 516 712
142 518 700
142 518 708
142 518 716
134 503 740
110 500 823
110 500 829
110 500 835
169 500 942
137 525 520
121 520 543
138 520 582
138 520 591
138 526 580
138 526 591
138 532 580
138 532 587
112 520 622
112 520 626
112 520 630
112 520 634
112 520 638
112 521 624
112 521 632
112 522 620
112 522 636
112 524 628
112 526 626
112 526 634
112 527 622
112 527 630
112 527 638
112 528 624
112 528 636
112 529 632
112 530 628
112 532 620
112 532 634
112 533 626
112 533 638
112 534 624
112 534 636
163 540 122
142 540 303
142 540 310
142 542 300
142 542 304
142 542 311
142 544 300
142 544 307
142 544 314
142 546 303
142 546 310
142 548 300
142 548 304
142 548 311
142 550 300
142 550 307
142 550 314
142 552 303
142 552 310
142 554 300
142 554 304
142 554 311
142 556 300
142 556 307
142 556 314
142 558 303
142 558 310
134 543 340
110 540 425
110 540 433
110 540 436
169 540 543
137 564 120
121 560 143
138 560 184
138 564 191
138 566 180
138 570 187
138 572 180
112 560 221
112 560 224
112 560 227
112 560 230
112 560 233
112 560 236
112 565 238
112 566 220
112 566 224
112 566 227
112 566 230
112 566 233
112 566 236
112 571 222
112 571 238
112 572 220
112 572 224
112 572 227
112 572 233
112 572 236
163 560 724
142 560 905
142 560 914
142 562 905
142 562 914
142 564 905
142 564 914
142 566 905
142 566 914
142 568 905
142 568 914
142 570 905
142 570 914
142 572 905
142 572 914
142 574 905
142 574 914
142 576 905
142 576 914
142 578 905
142 578 914
134 562 940
110 580 22
110 580 27
110 580 32
110 580 37
169 580 145
137 582 720
121 580 745
138 580 781
138 580 789
138 586 780
138 586 787
138 592 780
138 592 787
112 580 823
112 580 828
112 580 833
112 580 838
112 583 825
112 583 835
112 586 823
112 586 830
112 586 837
112 589 825
112 589 832
112 592 820
112 592 827
112 592 834
163 600 323
142 600 505
142 600 514
142 602 505
142 604 505
142 606 505
142 608 505
142 610 505
142 612 505
142 614 505
142 615 509
142 616 505
142 617 509
134 602 540
110 600 622
110 600 627
110 600 632
110 600 637
169 600 741
137 620 321
121 620 344
138 620 385
138 625 392
138 626 385
138 631 392
112 620 425
112 620 432
112 623 420
112 623 422
112 626 424
112 626 431
112 626 438
112 629 420
112 629 422
112 632 429
112 632 436
112 632 438
163 620 925
142 640 102
142 640 108
142 640 114
142 642 102
142 642 114
142 644 100
142 644 112
142 645 108
142 646 100
142 646 112
142 647 108
142 648 100
142 648 112
142 649 106
142 650 100
142 650 112
142 651 106
142 652 100
142 652 112
142 653 104
142 654 100
142 654 112
142 656 100
142 656 108
142 656 112
142 658 100
142 658 104
142 658 108
134 644 140
110 640 221
110 640 225
110 640 229
110 640 233
110 640 237
169 640 344
137 645 920
121 640 945
138 640 983
138 640 993
138 646 980
138 646 987
138 652 980
138 652 987
112 660 22
112 660 26
112 660 30
112 660 34
112 660 38
112 665 24
112 665 32
112 666 22
112 666 30
112 666 38
112 670 28
112 671 24
112 671 32
112 672 22
112 672 38
163 660 523
142 660 704
142 660 712
142 662 700
142 662 708
142 662 716
142 664 704
142 664 712
142 666 700
142 666 708
142 666 716
142 668 704
142 668 712
142 670 700
142 670 708
142 670 716
142 672 704
142 672 712
142 674 700
142 674 708
142 674 716
142 676 704
142 676 712
142 678 700
142 678 708
142 678 716
134 663 740
110 660 823
110 660 829
110 660 835
169 660 942
137 685 520
121 680 543
138 680 582
138 680 591
138 686 580
138 686 591
138 692 580
138 692 587
112 680 622
112 680 626
112 680 630
112 680 634
112 680 638
112 681 624
112 681 632
112 682 620
112 682 636
112 684 628
112 686 626
112 686 634
112 687 622
112 687 630
112 687 638
112 688 624
112 688 636
112 689 632
112 690 628
112 692 620
112 692 634
112 693 626
112 693 638
112 694 624
112 694 636
163 700 122
142 700 303
142 700 310
142 702 300
142 702 304
142 702 311
142 704 300
142 704 307
142 704 314
142 706 303
142 706 310
142 708 300
142 708 304
142 708 311
142 710 300
142 710 307
142 710 314
142 712 303
142 712 310
142 714 300
142 714 304
142 714 311
142 716 300
142 716 307
142 716 314
142 718 303
142 718 310
134 703 340
110 700 425
110 700 433
110 700 436
169 700 543
137 724 120
121 720 143
138 720 184
138 724 191
138 726 180
138 730 187
138 732 180
112 720 221
112 720 224
112 720 227
112 720 230
112 720 233
112 720 236
112 725 238
112 726 220
112 726 224
112 726 227
112 726 230
112 726 233
112 726 236
112 731 222
112 731 238
112 732 220
112 732 224
112 732 227
112 732 233
112 732 236
163 720 724
142 720 905
142 720 914
142 722 905
142 722 914
142 724 905
142 724 914
142 726 905
142 726 914
142 728 905
142 728 914
142 730 905
142 730 914
142 732 905
142 732 914
142 734 905
142 734 914
142 736 905
142 736 914
142 738 905
142 738 914
134 722 940
110 740 22
110 740 27
110 740 32
110 740 37
169 740 145
137 742 720
121 740 745
138 740 781
138 740 789
138 746 780
138 746 787
138 752 780
138 752 787
112 740 823
112 740 828
112 740 833
112 740 838
112 743 825
112 743 835
112 746 823
112 746 830
112 746 837
112 749 825
112 749 832
112 752 820
112 752 827
112 752 834
163 760 323
142 760 505
142 760 514
142 762 505
142 764 505
142 766 505
142 768 505
142 770 505
142 772 505
142 774 505
142 775 509
142 776 505
142 777 509
134 762 540
110 760 622
110 760 627
110 760 632
110 760 637
169 760 741
137 780 321
121 780 344
138 780 385
138 785 392
138 786 385
138 791 392
112 780 425
112 780 432
112 783 420
112 783 422
112 786 424
112 786 431
112 786 438
112 789 420
112 789 422
112 792 429
112 792 436
112 792 438
163 780 925
142 800 102
142 800 108
142 800 114
142 802 102
142 802 114
142 804 100
142 804 112
142 805 108
142 806 100
142 806 112
142 807 108
142 808 100
142 808 112
142 809 106
142 810 100
142 810 112
142 811 106
142 812 100
142 812 112
142 813 104
142 814 100
142 814 112
142 816 100
142 816 108
142 816 112
142 818 100
142 818 104
142 818 108
134 804 140
110 800 221
110 800 225
110 800 229
110 800 233
110 800 237
169 800 344
137 805 920
121 800 945
138 800 983
138 800 993
138 806 980
138 806 987
138 812 980
138 812 987
112 820 22
112 820 26
112 820 30
112 820 34
112 820 38
112 825 24
112 825 32
112 826 22
112 826 30
112 826 38
112 830 28
112 831 24
112 831 32
112 832 22
112 832 38
163 820 523
142 820 704
142 820 712
142 822 700
142 822 708
142 822 716
142 824 704
142 824 712
142 826 700
142 826 708
142 826 716
142 828 704
142 828 712
142 830 700
142 830 708
142 830 716
142 832 704
142 832 712
142 834 700
142 834 708
142 834 716
142 836 704
142 836 712
142 838 700
142 838 708
142 838 716
134 823 740
110 820 823
110 820 829
110 820 835
169 820 942
137 845 520
121 840 543
138 840 582
138 840 591
138 846 580
138 846 591
138 852 580
138 852 587
112 840 622
112 840 626
112 840 630
112 840 634
112 840 638
112 841 624
112 841 632
112 842 620
112 842 636
112 844 628
112 846 626
112 846 634
112 847 622
112 847 630
112 847 638
112 848 624
112 848 636
112 849 632
112 850 628
112 852 620
112 852 634
112 853 626
112 853 638
112 854 624
112 854 636
163 860 122
142 860 303
142 860 310
142 862 300
142 862 304
142 862 311
142 864 300
142 864 307
142 864 314
142 866 303
142 866 310
142 868 300
142 868 304
142 868 311
142 870 300
142 870 307
142 870 314
142 872 303
142 872 310
142 874 300
142 874 304
142 874 311
142 876 300
142 876 307
142 876 314
142 878 303
142 878 310
134 863 340
110 860 425
110 860 433
110 860 436
169 860 543
137 884 120
121 880 143
138 880 184
138 884 191
138 886 180
138 890 187
138 892 180
112 880 221
112 880 224
112 880 227
112 880 230
112 880 233
112 880 236
112 885 238
112 886 220
112 886 224
112 886 227
112 886 230
112 886 233
112 886 236
112 891 222
112 891 238
112 892 220
112 892 224
112 892 227
112 892 233
112 892 236
163 880 724
142 880 905
142 880 914
142 882 905
142 882 914
142 884 905
142 884 914
142 886 905
142 886 914
142 888 905
142 888 914
142 890 905
142 890 914
142 892 905
142 892 914
142 894 905
142 894 914
142 896 905
142 896 914
142 898 905
142 898 914
134 882 940
110 900 22
110 900 27
110 900 32
110 900 37
169 900 145
137 902 720
121 900 745
138 900 781
138 900 789
138 906 780
138 906 787
138 912 780
138 912 787
112 900 823
112 900 828
112 900 833
112 900 838
112 903 825
112 903 835
112 906 823
112 906 830
112 906 837
112 909 825
112 909 832
112 912 820
112 912 827
112 912 834
163 920 323
142 920 505
142 920 514
142 922 505
142 924 505
142 926 505
142 928 505
142 930 505
142 932 505
142 934 505
142 935 509
142 936 505
142 937 509
134 922 540
110 920 622
110 920 627
110 920 632
110 920 637
169 920 741
137 940 321
121 940 344
138 940 385
138 945 392
138 946 385
138 951 392
112 940 425
112 940 432
112 943 420
112 943 422
112 946 424
112 946 431
112 946 438
112 949 420
112 949 422
112 952 429
112 952 436
112 952 438
163 940 925
142 960 102
142 960 108
142 960 114
142 962 102
142 962 114
142 964 100
142 964 112
142 965 108
142 966 100
142 966 112
142 967 108
142 968 100
142 968 112
142 969 106
142 970 100
142 970 112
142 971 106
142 972 100
142 972 112
142 973 104
142 974 100
142 974 112
142 976 100
142 976 108
142 976 112
142 978 100
142 978 104
142 978 108
134 964 140
110 960 221
110 960 225
110 960 229
110 960 233
110 960 237
169 960 344
137 965 920
121 960 945
138 960 983
138 960 993
138 966 980
138 966 987
138 972 980
138 972 987
112 980 22
112 980 26
112 980 30
112 980 34
112 980 38
112 985 24
112 985 32
112 986 22
112 986 30
112 986 38
112 990 28
112 991 24
112 991 32
112 992 22
112 992 38
163 980 523
142 980 704
142 980 712
142 982 700
142 982 708
142 982 716
142 984 704
142 984 712
142 986 700
142 986 708
142 986 716
142 988 704
142 988 712
142 990 700
142 990 708
142 990 716
142 992 704
142 992 712
142 994 700
142 994 708
142 994 716
142 996 704
142 996 712
142 998 700
142 998 708
142 998 716
134 983 740
110 980 823
110 980 829
110 980 835
169 980 942
