5996
76 0 0
4 0 0
5 0 0
6 0 0
65 0 80
65 0 86
41 0 0
65 5 80
62 0 0
62 0 115
23 0 0
38 0 140
66 0 0
68 0 0
26 0 0
27 0 220
64 0 0
17 0 260
36 0 280
9 0 0
94 0 0
12 0 320
79 0 340
46 0 0
99 0 0
98 0 0
89 0 0
25 0 0
39 0 442
83 0 460
77 0 0
77 0 0
42 0 500
49 0 0
60 0 524
70 0 0
60 0 532
85 0 0
60 0 0
49 0 0
70 0 0
60 6 522
69 0 0
69 0 0
60 6 538
60 9 524
49 0 0
25 0 0
60 12 524
70 0 0
85 0 0
39 0 0
71 0 540
4 0 0
20 0 0
50 0 0
40 0 620
44 0 0
91 0 0
26 0 0
92 0 0
7 0 720
93 0 0
58 0 760
26 0 0
66 0 800
12 0 0
99 0 840
34 0 0
11 0 0
11 0 0
85 0 0
60 0 0
52 0 0
50 0 960
18 0 0
9 0 0
59 0 0
31 0 0
82 0 0
96 0 0
15 0 0
20 20 120
20 20 125
20 0 0
20 20 135
90 0 0
20 0 0
20 22 123
90 0 0
27 0 0
27 0 0
20 24 133
90 0 0
20 25 130
27 0 0
20 0 0
20 26 139
20 29 131
20 0 0
20 30 130
20 31 129
20 0 0
20 32 133
20 33 138
90 0 0
27 0 0
27 0 0
27 0 0
97 0 0
72 20 160
39 0 0
37 0 0
44 20 220
48 0 0
34 0 0
28 0 0
5 0 0
69 0 0
46 0 0
95 20 360
3 20 380
14 0 0
30 0 0
29 20 440
96 0 0
84 0 0
91 0 0
91 0 0
14 0 0
73 26 507
73 0 0
76 0 0
24 20 540
58 0 0
19 20 580
71 0 0
51 0 0
88 20 640
33 0 0
2 0 0
2 0 0
2 20 688
2 20 692
2 20 696
2 23 680
81 20 700
14 0 0
65 0 0
69 20 740
88 0 0
71 0 0
5 0 0
77 0 0
58 0 0
18 0 0
19 0 0
75 0 0
75 0 0
63 20 920
80 0 0
25 0 0
31 0 0
97 40 0
10 0 0
5 0 0
5 40 43
47 0 0
65 40 80
65 45 80
79 0 0
82 0 0
51 40 124
31 0 0
51 40 132
51 0 0
72 0 0
72 0 0
51 0 0
78 0 0
51 46 134
72 0 0
51 50 136
31 0 0
78 0 0
51 52 130
82 0 0
38 40 140
61 40 160
94 0 0
44 0 0
20 0 0
64 40 240
17 40 260
90 0 0
94 0 0
12 40 320
79 0 0
32 40 360
11 0 0
11 0 0
89 0 0
69 0 0
83 40 460
99 0 0
9 0 0
42 40 500
85 0 0
71 0 0
97 0 0
20 0 0
64 0 0
3 0 0
56 0 0
73 0 0
74 0 0
33 0 0
7 40 720
7 40 725
17 0 0
17 0 0
7 41 720
7 0 0
17 0 0
17 0 0
7 42 736
7 0 0
7 42 738
7 42 739
7 44 732
17 0 0
7 44 734
7 0 0
7 46 728
17 0 0
17 0 0
7 46 731
7 0 0
7 48 725
7 48 726
7 48 727
7 50 720
7 0 0
17 0 0
7 0 0
7 0 0
7 51 737
17 0 0
7 51 739
17 0 0
7 0 0
7 0 0
7 53 735
7 0 0
7 55 729
7 55 730
7 55 731
7 57 724
7 57 725
7 57 726
17 0 0
17 0 0
84 0 0
6 0 0
35 40 780
66 40 800
12 0 0
11 0 0
46 40 860
11 0 0
39 0 0
69 0 0
52 0 0
50 40 960
1 0 0
80 0 0
59 60 20
82 60 40
31 60 60
92 0 0
94 0 0
77 0 0
80 0 0
45 0 0
94 0 0
68 0 0
11 0 0
20 60 120
53 0 0
31 0 0
85 0 0
73 0 0
44 0 0
75 60 240
34 60 260
28 0 0
23 0 0
51 0 0
28 60 295
31 0 0
29 0 0
57 60 313
49 0 0
34 0 0
95 60 360
3 60 380
14 0 0
30 0 0
54 0 0
22 0 0
30 0 0
91 0 0
73 0 0
53 0 0
24 60 540
6 60 560
13 0 0
3 0 0
23 0 0
88 60 640
24 0 0
58 0 0
2 60 680
2 60 696
91 0 0
41 0 0
41 60 725
41 60 730
41 60 735
65 0 0
65 0 0
41 66 727
65 0 0
41 70 720
41 71 725
41 71 735
41 0 0
41 75 720
49 0 0
87 0 0
16 60 780
57 0 0
94 0 0
6 0 0
1 60 860
13 0 0
48 60 900
63 60 920
98 0 0
25 0 0
28 0 0
97 80 0
4 0 0
57 0 0
21 0 0
41 0 0
65 0 0
62 80 100
31 0 0
38 80 140
61 80 160
94 0 0
26 0 0
27 80 220
50 0 0
17 80 260
27 0 0
68 0 0
0 0 0
12 80 327
0 0 0
12 80 337
59 0 0
12 0 0
0 0 0
59 0 0
0 0 0
12 85 320
12 85 327
12 86 324
12 0 0
0 0 0
59 0 0
12 0 0
12 89 320
12 89 335
0 0 0
12 91 324
12 0 0
12 92 324
12 92 335
12 93 328
12 94 320
0 0 0
12 0 0
0 0 0
59 0 0
59 0 0
12 97 332
12 98 324
12 0 0
79 80 340
32 0 0
15 0 0
11 0 0
18 80 420
39 80 440
83 80 460
77 0 0
42 0 0
60 80 520
71 80 540
4 0 0
27 0 0
55 80 600
3 0 0
44 0 0
73 0 0
44 0 0
92 0 0
22 0 0
22 0 0
96 0 0
47 0 0
33 0 0
7 80 720
93 0 0
47 0 0
44 0 0
66 80 800
0 0 0
80 0 0
46 80 860
94 0 0
9 0 0
68 0 0
86 0 0
25 0 0
39 0 0
8 0 0
52 80 940
64 0 0
89 80 980
9 0 0
59 100 20
82 100 40
28 0 0
22 0 0
11 0 0
11 0 0
90 0 0
4 100 140
51 0 0
85 0 0
81 0 0
56 0 0
88 0 0
87 0 0
46 0 0
72 0 0
28 0 0
57 100 300
49 0 0
8 0 0
8 0 0
39 0 0
60 0 0
85 0 0
85 0 0
25 0 0
25 0 0
49 106 328
49 106 334
8 0 0
49 109 324
60 0 0
49 0 0
49 0 0
49 0 0
49 112 336
60 0 0
32 0 0
95 0 0
67 0 0
37 100 400
84 100 420
29 100 440
22 100 460
30 100 480
91 0 0
76 0 0
75 0 0
6 0 0
19 100 580
16 0 0
78 100 620
24 0 0
47 0 0
2 100 680
38 0 0
81 0 0
65 0 0
69 100 740
48 0 0
40 0 0
54 100 800
80 0 0
33 0 0
1 100 860
13 100 880
87 0 0
63 100 920
63 100 929
84 0 0
63 0 0
63 105 929
63 107 934
30 0 0
63 110 929
30 0 0
84 0 0
94 0 0
8 0 0
23 0 0
97 0 0
76 0 0
5 120 40
96 0 0
65 120 80
79 0 0
23 0 0
38 120 140
61 120 160
99 0 0
74 120 200
27 120 220
64 0 0
17 120 260
36 120 280
15 0 0
94 0 0
98 0 0
86 0 0
77 0 0
94 0 0
9 0 0
0 0 0
79 120 340
46 0 0
11 0 0
11 0 0
18 120 420
8 0 0
83 120 460
94 0 0
11 0 0
9 120 492
94 0 0
42 120 500
42 120 513
69 0 0
3 0 0
4 0 0
90 120 580
55 120 600
3 0 0
26 120 640
81 0 0
35 0 0
92 0 0
33 0 0
7 120 720
93 0 0
58 120 760
44 0 0
66 120 800
0 120 820
11 0 0
45 0 0
43 0 0
94 0 0
98 0 0
60 0 0
49 0 0
70 120 924
8 0 0
85 0 0
49 0 0
25 0 0
8 0 0
25 0 0
85 0 0
8 0 0
85 0 0
39 0 0
70 129 924
60 0 0
69 0 0
70 0 0
85 0 0
60 0 0
85 0 0
52 0 0
50 120 960
1 0 0
80 140 0
59 140 20
82 0 0
82 0 0
92 0 0
94 0 0
20 0 0
76 0 0
31 0 0
85 0 0
73 0 0
44 0 0
75 140 240
34 140 260
78 0 0
31 0 0
29 0 0
8 0 0
43 0 0
95 140 360
67 0 0
91 0 0
84 0 0
29 0 0
21 0 0
30 140 480
73 140 500
10 140 520
10 0 0
10 142 534
76 0 0
53 0 0
53 0 0
97 0 0
97 0 0
76 0 0
53 0 0
76 0 0
10 0 0
4 0 0
97 0 0
10 0 0
87 0 0
96 0 0
19 140 580
40 0 0
31 0 0
24 0 0
58 0 0
2 140 680
14 0 0
65 0 0
69 140 740
24 0 0
3 0 0
54 0 0
86 0 0
6 0 0
1 140 860
13 140 880
87 0 0
48 140 909
75 0 0
87 0 0
87 0 0
24 0 0
24 0 0
63 0 0
45 0 0
60 0 0
78 0 0
97 160 0
53 0 0
5 160 40
33 160 60
65 160 80
41 0 0
65 160 92
65 165 80
62 0 0
62 0 0
28 0 0
38 160 140
61 160 160
15 0 0
44 0 0
27 0 0
64 160 240
7 0 0
90 0 0
99 0 0
45 0 0
12 160 320
79 160 340
32 160 360
15 0 0
98 0 0
18 160 420
25 0 0
39 0 0
83 160 460
9 0 0
80 0 0
42 0 0
69 0 0
60 0 0
85 0 0
8 0 0
60 0 0
60 163 520
25 0 0
25 0 0
39 0 0
25 0 0
8 0 0
39 0 0
69 0 0
60 169 532
85 0 0
85 0 0
25 0 0
70 0 0
85 0 0
71 160 540
76 160 560
90 0 0
55 160 600
3 0 0
26 160 640
14 0 0
56 0 0
21 0 0
7 160 720
93 160 740
21 0 0
56 0 0
61 0 0
0 160 820
99 160 840
34 0 0
45 0 0
98 0 0
25 160 900
70 0 0
95 0 0
50 160 960
89 0 0
99 0 0
59 180 20
28 0 0
51 0 0
21 180 80
98 0 0
20 0 0
27 0 0
27 0 0
36 0 0
90 0 0
90 0 0
20 182 123
20 182 124
20 0 0
36 0 0
20 184 133
20 185 120
20 185 130
27 0 0
20 0 0
20 186 139
90 0 0
20 190 120
27 0 0
20 191 129
20 0 0
20 0 0
90 0 0
20 0 0
20 194 131
20 195 124
20 195 130
76 0 0
28 0 0
8 0 0
81 0 0
35 0 0
75 180 240
46 0 0
28 180 280
57 0 0
49 0 0
43 180 340
83 0 0
16 0 0
37 0 0
84 180 420
29 180 440
6 0 0
84 0 0
73 180 500
37 0 0
91 0 0
73 186 507
81 0 0
10 0 0
24 0 0
47 0 0
13 0 0
67 0 0
23 0 0
88 180 640
22 0 0
2 0 0
38 0 0
2 180 688
2 0 0
2 180 696
38 0 0
14 0 0
73 0 0
41 0 0
39 0 0
87 0 0
71 0 0
57 0 0
94 0 0
96 0 0
1 0 0
13 0 0
88 0 0
88 0 0
93 0 0
94 0 0
49 0 0
23 0 0
53 0 0
76 0 0
5 200 40
54 0 0
58 0 0
65 200 80
65 205 80
62 200 100
51 200 120
51 200 124
28 0 0
31 0 0
72 0 0
72 0 0
23 0 0
51 0 0
31 0 0
23 0 0
51 210 120
78 0 0
51 211 126
23 0 0
82 0 0
51 0 0
38 200 140
66 0 0
9 0 0
26 0 0
20 0 0
50 0 0
17 200 260
36 0 0
68 0 0
12 200 320
79 0 0
32 200 360
9 0 0
86 0 0
18 200 420
49 0 0
83 200 460
15 0 0
94 0 0
42 200 500
60 0 0
71 0 0
76 200 560
20 0 0
55 200 600
40 0 0
74 0 0
14 0 0
44 0 0
33 0 0
17 0 0
7 200 725
7 200 730
7 200 735
17 0 0
7 0 0
7 201 730
7 201 735
7 202 736
7 202 737
7 0 0
7 0 0
17 0 0
7 204 733
17 0 0
17 0 0
7 206 728
7 206 729
7 206 730
7 0 0
7 0 0
7 208 725
7 208 726
7 208 727
17 0 0
7 0 0
7 0 0
7 210 723
7 0 0
17 0 0
7 0 0
7 211 739
17 0 0
7 0 0
7 0 0
7 213 735
7 215 728
7 215 729
7 0 0
7 0 0
7 217 724
7 217 725
17 0 0
7 217 727
7 219 720
63 0 0
21 0 0
26 0 0
66 200 800
0 0 0
68 0 0
34 0 0
98 0 0
85 0 0
8 0 0
52 200 940
50 0 0
1 0 0
77 0 0
12 0 0
31 0 0
28 0 0
21 0 0
45 0 0
94 0 0
98 0 0
77 0 0
11 0 0
11 0 0
68 0 0
36 0 0
53 0 0
72 220 160
85 220 180
14 0 0
26 0 0
24 0 0
43 0 0
23 0 0
28 220 285
28 220 290
31 0 0
28 225 280
57 220 300
54 0 0
69 0 0
43 220 340
95 220 360
3 0 0
81 0 0
84 0 0
29 220 440
96 0 0
63 0 0
73 220 500
14 0 0
76 0 0
24 220 540
21 0 0
19 220 580
67 220 600
78 0 0
48 0 0
88 220 642
47 220 660
2 220 680
38 0 0
81 220 700
41 220 720
65 0 0
41 220 730
41 0 0
41 0 0
41 225 730
41 226 727
41 226 737
41 230 720
65 0 0
41 231 735
41 232 732
41 0 0
70 0 0
87 0 0
16 0 0
29 0 0
15 0 0
58 0 0
1 220 860
13 220 880
75 0 0
84 0 0
94 0 0
8 0 0
82 0 0
76 0 0
53 240 20
5 240 40
92 0 0
65 240 80
65 240 83
62 240 100
23 0 0
38 0 0
66 0 0
68 0 0
74 0 0
36 0 0
55 0 0
17 0 0
20 0 0
11 0 0
12 240 320
12 0 0
12 240 334
59 0 0
12 241 320
12 241 327
12 243 332
12 244 320
0 0 0
12 245 320
0 0 0
59 0 0
12 246 331
59 0 0
12 248 320
12 248 327
12 249 320
59 0 0
12 250 324
0 0 0
12 251 331
12 252 324
0 0 0
12 253 328
12 0 0
12 254 332
0 0 0
12 255 336
59 0 0
12 257 320
12 257 332
12 258 324
0 0 0
79 240 340
32 240 360
11 0 0
9 0 0
1 0 0
69 0 0
83 240 460
80 0 0
42 240 500
69 0 0
71 0 0
53 0 0
20 0 0
55 240 600
40 0 0
74 0 0
91 240 660
56 240 680
47 0 0
96 240 711
22 0 0
21 0 0
47 0 0
33 0 0
7 240 720
93 0 0
33 0 0
35 240 780
66 0 0
0 240 820
68 0 0
43 0 0
98 0 0
77 0 0
86 0 0
9 0 0
85 0 0
25 240 912
70 240 920
95 0 0
55 0 0
89 240 980
98 0 0
59 260 20
82 0 0
31 0 0
92 0 0
68 0 0
45 0 0
90 0 0
4 260 140
82 0 0
85 260 180
81 0 0
26 0 0
87 0 0
75 260 242
34 260 260
28 260 280
72 0 0
57 260 300
25 0 0
69 0 0
69 0 0
39 0 0
60 0 0
85 0 0
49 263 328
69 0 0
85 0 0
49 0 0
39 0 0
85 0 0
69 0 0
60 0 0
60 0 0
25 0 0
70 0 0
60 0 0
49 275 322
32 0 0
95 0 0
3 0 0
37 260 400
93 0 0
5 0 0
6 0 0
63 0 0
91 0 0
53 0 0
48 0 0
6 260 560
13 0 0
67 260 600
78 0 0
88 0 0
47 0 0
2 260 680
2 0 0
14 0 0
41 260 720
60 0 0
75 0 0
16 0 0
54 260 800
99 0 0
6 0 0
1 0 0
13 0 0
48 260 900
63 0 0
63 260 929
30 0 0
63 265 920
84 0 0
63 0 0
63 0 0
30 0 0
63 272 934
63 275 920
9 0 0
8 0 0
51 0 0
4 0 0
4 0 0
54 0 0
33 280 60
65 280 80
79 0 0
51 280 120
38 280 140
61 280 160
94 0 0
35 0 0
20 0 0
64 0 0
7 0 0
90 0 0
80 0 0
68 0 0
86 0 0
98 0 0
45 0 0
11 0 0
9 0 0
0 0 0
79 0 0
34 0 0
77 0 0
77 0 0
18 280 420
25 0 0
83 280 460
94 0 0
68 0 0
86 0 0
77 0 0
42 0 0
42 280 513
25 0 0
16 0 0
97 0 0
20 0 0
55 0 0
67 0 0
74 0 0
91 280 660
44 0 0
22 0 0
22 0 0
7 0 0
93 280 740
58 280 760
35 0 0
61 0 0
0 0 0
9 0 0
98 0 0
34 0 0
86 0 0
99 0 0
8 0 0
60 0 0
70 280 924
25 0 0
69 0 0
49 0 0
49 0 0
8 0 0
85 0 0
8 0 0
70 0 0
70 0 0
60 0 0
69 0 0
25 0 0
49 0 0
70 0 0
49 0 0
70 292 936
70 295 922
95 0 0
64 0 0
18 0 0
45 0 0
0 0 0
51 0 0
51 0 0
22 0 0
45 0 0
27 0 0
53 0 0
82 0 0
60 0 0
81 0 0
44 300 220
75 300 240
34 300 260
78 0 0
31 0 0
57 300 300
8 0 0
43 300 340
95 300 360
3 300 380
73 0 0
93 0 0
54 0 0
33 0 0
30 0 0
73 300 500
10 0 0
4 0 0
4 0 0
4 0 0
10 305 525
97 0 0
10 0 0
10 308 525
4 0 0
4 0 0
76 0 0
76 0 0
97 0 0
76 0 0
4 0 0
24 300 540
47 0 0
13 0 0
67 300 600
51 0 0
88 300 640
22 0 0
38 0 0
37 0 0
65 0 0
69 0 0
87 0 0
40 0 0
54 300 800
94 300 820
22 0 0
1 300 860
13 0 0
48 300 900
48 0 0
75 0 0
75 0 0
88 0 0
75 0 0
87 0 0
84 0 0
98 0 0
60 0 0
23 0 0
76 0 0
10 0 0
5 0 0
96 0 0
65 0 0
65 0 0
65 320 92
65 0 0
62 320 100
62 320 115
51 320 120
38 320 140
61 320 160
15 0 0
44 0 0
27 320 220
64 320 240
7 0 0
36 320 280
45 0 0
98 0 0
59 0 0
79 320 340
32 320 360
68 0 0
99 0 0
18 0 0
25 0 0
85 0 0
95 0 0
9 320 480
99 0 0
42 320 500
25 0 0
85 0 0
85 0 0
25 0 0
25 0 0
70 0 0
69 0 0
49 0 0
69 0 0
69 0 0
39 0 0
60 326 538
60 329 524
60 329 532
60 329 538
60 0 0
25 0 0
25 0 0
85 0 0
40 0 0
76 320 560
27 0 0
55 320 600
71 0 0
35 0 0
81 0 0
56 320 680
96 320 700
7 0 0
93 320 740
58 0 0
74 0 0
66 0 0
12 0 0
98 0 0
32 0 0
15 0 0
80 0 0
70 0 0
25 0 0
52 320 940
50 0 0
89 320 980
77 0 0
59 340 20
82 0 0
51 0 0
22 0 0
80 0 0
36 0 0
20 340 125
36 0 0
20 340 135
20 342 121
20 342 122
20 342 123
20 0 0
20 0 0
36 0 0
20 0 0
20 345 120
27 0 0
90 0 0
36 0 0
20 346 139
90 0 0
20 350 120
36 0 0
36 0 0
20 352 132
36 0 0
20 0 0
90 0 0
36 0 0
36 0 0
20 355 130
4 340 140
51 0 0
85 340 180
91 0 0
44 340 220
48 0 0
46 0 0
28 340 280
54 0 0
25 0 0
43 340 340
83 0 0
3 340 380
37 0 0
93 0 0
29 340 440
21 0 0
63 0 0
73 340 500
14 0 0
91 0 0
73 0 0
73 0 0
4 0 0
24 340 540
58 0 0
19 0 0
40 0 0
51 0 0
88 340 640
47 0 0
2 0 0
2 340 684
2 340 688
2 340 692
2 340 696
2 343 680
37 0 0
81 0 0
65 0 0
60 0 0
48 0 0
40 0 0
5 0 0
68 0 0
92 340 840
1 340 860
13 0 0
48 0 0
48 0 0
63 0 0
94 0 0
8 0 0
78 0 0
97 360 0
76 0 0
29 0 0
57 0 0
22 0 0
65 360 80
65 365 80
62 0 0
31 0 0
72 0 0
78 0 0
31 0 0
78 0 0
51 365 120
82 0 0
31 0 0
28 0 0
23 0 0
82 0 0
51 370 136
31 0 0
78 0 0
31 0 0
78 0 0
2 0 0
61 360 160
45 360 180
74 0 0
27 0 0
50 0 0
17 360 260
27 0 0
80 0 0
0 0 0
79 360 340
32 360 360
94 0 0
45 0 0
1 0 0
85 0 0
83 360 460
98 0 0
86 0 0
42 360 500
25 0 0
67 0 0
76 360 560
90 360 580
55 360 600
40 360 620
44 0 0
81 0 0
35 0 0
96 360 700
7 360 720
7 0 0
7 0 0
17 0 0
7 0 0
7 361 725
7 361 730
17 0 0
7 362 736
17 0 0
7 362 738
7 362 739
7 0 0
17 0 0
7 364 734
17 0 0
7 366 728
7 366 729
7 366 730
7 0 0
7 368 724
7 368 725
7 368 726
7 0 0
7 0 0
7 370 721
7 370 722
7 370 723
7 371 736
7 371 737
7 371 738
7 371 739
7 373 732
17 0 0
7 373 734
7 373 735
17 0 0
7 0 0
7 375 730
7 375 731
7 377 724
7 377 725
7 377 726
7 377 727
17 0 0
93 360 740
21 0 0
35 360 780
66 360 800
0 0 0
68 0 0
34 0 0
99 0 0
85 0 0
39 0 0
52 360 940
50 0 0
89 360 980
94 0 0
12 0 0
72 0 0
82 0 0
58 0 0
15 0 0
80 0 0
9 0 0
80 0 0
77 0 0
98 0 0
9 0 0
20 0 0
97 0 0
51 0 0
69 0 0
91 0 0
44 0 0
88 0 0
34 380 260
23 0 0
72 0 0
82 0 0
23 0 0
51 0 0
29 0 0
29 0 0
49 0 0
43 380 340
95 0 0
16 0 0
37 0 0
84 380 420
5 0 0
33 0 0
93 0 0
81 0 0
91 0 0
53 0 0
48 0 0
33 0 0
19 380 580
67 380 600
78 0 0
88 380 640
24 0 0
47 380 660
2 0 0
2 380 696
81 0 0
41 380 720
41 380 725
41 380 730
41 380 735
41 0 0
41 385 730
41 386 727
41 386 737
41 390 720
41 391 725
41 0 0
41 392 732
41 395 720
85 0 0
88 0 0
71 0 0
54 380 800
99 0 0
47 0 0
18 0 0
13 380 880
48 380 900
63 0 0
77 0 0
25 0 0
51 0 0
53 0 0
10 0 0
5 400 40
33 0 0
65 400 80
65 400 83
62 400 100
23 0 0
38 400 140
61 0 0
45 0 0
44 0 0
36 0 0
64 0 0
17 400 260
36 400 280
15 0 0
0 0 0
59 0 0
0 0 0
12 400 337
12 401 320
12 401 327
0 0 0
59 0 0
12 404 327
12 405 320
12 405 327
12 0 0
12 406 331
12 0 0
0 0 0
12 408 327
12 409 320
12 409 335
12 410 324
59 0 0
59 0 0
59 0 0
12 412 335
0 0 0
59 0 0
0 0 0
12 415 324
12 415 336
12 416 328
12 0 0
59 0 0
12 418 324
59 0 0
79 400 340
43 0 0
15 0 0
98 0 0
18 400 420
85 0 0
83 0 0
45 0 0
42 400 500
39 0 0
40 0 0
97 0 0
36 0 0
55 0 0
16 0 0
26 400 640
73 0 0
44 0 0
21 0 0
33 0 0
21 0 0
6 0 0
33 0 0
6 0 0
17 0 0
63 0 0
21 0 0
74 0 0
61 0 0
59 0 0
15 0 0
46 400 860
9 0 0
98 0 0
94 0 0
68 0 0
69 0 0
25 400 912
8 0 0
52 0 0
64 0 0
89 0 0
80 420 0
59 420 20
51 0 0
31 420 60
22 0 0
9 0 0
77 0 0
90 0 0
4 420 140
78 0 0
60 0 0
81 0 0
26 0 0
75 420 240
88 0 0
34 0 0
82 0 0
51 0 0
29 0 0
39 0 0
8 0 0
49 420 328
39 0 0
69 0 0
85 0 0
49 423 328
49 423 336
49 426 322
49 0 0
25 0 0
69 0 0
8 0 0
25 0 0
39 0 0
85 0 0
69 0 0
85 0 0
49 0 0
32 0 0
52 0 0
71 0 0
37 420 400
63 0 0
29 420 440
92 0 0
93 0 0
14 0 0
10 420 520
75 0 0
21 0 0
19 420 580
3 0 0
51 0 0
88 0 0
96 0 0
2 420 680
2 0 0
81 420 700
41 420 720
39 0 0
87 420 760
16 420 780
5 0 0
99 0 0
92 0 0
89 0 0
19 0 0
48 420 900
30 0 0
63 420 929
63 0 0
63 425 920
63 425 929
63 0 0
93 0 0
63 430 929
30 0 0
30 0 0
98 0 0
39 0 0
82 0 0
10 0 0
10 0 0
29 0 0
21 0 0
41 0 0
62 0 0
78 0 0
38 440 140
61 440 160
86 0 0
35 0 0
20 0 0
64 440 240
17 440 260
27 0 0
86 0 0
86 0 0
9 0 0
68 0 0
99 0 0
94 0 0
80 0 0
59 0 0
79 0 0
46 0 0
15 0 0
77 440 400
18 440 420
60 0 0
83 440 460
11 0 0
98 0 0
45 0 0
68 0 0
42 440 500
42 0 0
69 0 0
71 0 0
76 440 560
36 0 0
55 0 0
3 0 0
44 0 0
91 440 660
56 440 680
6 0 0
92 0 0
7 440 720
93 440 740
21 0 0
74 0 0
66 0 0
0 0 0
9 0 0
11 0 0
43 0 0
15 0 0
15 0 0
49 0 0
69 0 0
70 440 924
39 0 0
49 0 0
70 440 936
85 0 0
70 443 928
25 0 0
60 0 0
60 0 0
39 0 0
39 0 0
8 0 0
8 0 0
69 0 0
70 452 924
60 0 0
39 0 0
60 0 0
52 0 0
50 0 0
89 440 980
99 0 0
59 460 20
72 0 0
31 460 60
47 0 0
68 0 0
36 0 0
97 0 0
51 0 0
85 0 0
81 0 0
74 0 0
75 0 0
34 0 0
23 0 0
72 0 0
5 0 0
49 0 0
43 460 340
95 0 0
3 460 380
73 0 0
63 0 0
29 460 440
92 0 0
30 0 0
73 460 500
10 460 520
53 0 0
76 0 0
4 0 0
4 0 0
10 465 534
10 468 520
53 0 0
10 470 530
10 0 0
10 472 535
76 0 0
10 475 524
4 0 0
10 0 0
24 460 540
22 0 0
19 0 0
67 0 0
78 460 620
88 460 640
47 460 660
38 0 0
73 0 0
41 460 720
70 0 0
24 0 0
16 0 0
54 460 800
11 0 0
92 0 0
1 460 860
13 460 880
87 0 0
48 0 0
48 460 918
87 0 0
88 0 0
87 0 0
88 0 0
63 460 920
11 460 940
8 0 0
51 0 0
53 0 0
53 480 20
5 480 40
22 0 0
65 0 0
65 480 86
65 480 92
65 485 80
79 0 0
62 480 115
82 0 0
38 480 140
61 0 0
99 0 0
74 480 200
27 0 0
64 480 240
17 480 260
27 0 0
86 0 0
11 0 0
59 0 0
79 480 340
32 0 0
45 0 0
15 0 0
18 0 0
8 0 0
39 0 0
83 480 460
77 0 0
80 0 0
42 480 500
39 0 0
39 0 0
25 0 0
60 0 0
60 480 536
49 0 0
60 483 528
70 0 0
8 0 0
60 486 528
70 0 0
70 0 0
39 0 0
25 0 0
85 0 0
8 0 0
70 0 0
39 0 0
60 0 0
3 0 0
10 0 0
36 0 0
55 480 600
40 480 620
26 480 640
81 0 0
56 480 680
6 0 0
7 480 720
93 480 740
47 0 0
26 0 0
66 0 0
12 0 0
77 0 0
32 0 0
77 0 0
94 0 0
49 0 0
60 0 0
52 0 0
50 480 960
89 480 980
77 0 0
59 500 20
78 0 0
51 0 0
21 500 80
15 0 0
36 0 0
20 500 125
27 0 0
27 0 0
27 0 0
90 0 0
20 0 0
20 502 124
20 504 131
20 504 132
20 504 133
27 0 0
27 0 0
36 0 0
27 0 0
20 0 0
90 0 0
90 0 0
20 0 0
20 0 0
20 512 132
36 0 0
27 0 0
36 0 0
20 514 131
90 0 0
20 515 130
4 0 0
51 0 0
39 0 0
73 0 0
44 0 0
88 0 0
46 0 0
28 500 280
5 0 0
25 0 0
43 500 340
83 0 0
3 500 380
73 0 0
93 0 0
54 0 0
96 0 0
93 0 0
73 0 0
91 0 0
91 0 0
73 0 0
73 511 514
10 500 520
88 0 0
96 0 0
19 0 0
71 0 0
78 0 0
24 0 0
6 0 0
2 500 680
2 500 684
2 0 0
2 0 0
2 0 0
38 0 0
73 0 0
91 0 0
41 500 720
69 0 0
75 0 0
16 500 780
5 0 0
68 0 0
92 500 840
1 500 860
19 0 0
24 0 0
48 500 912
63 500 920
15 0 0
25 0 0
23 500 980
10 0 0
76 0 0
5 520 40
5 520 43
22 0 0
65 0 0
65 525 80
62 520 100
78 0 0
82 0 0
31 0 0
82 0 0
23 0 0
31 0 0
51 525 128
72 0 0
78 0 0
78 0 0
31 0 0
23 0 0
28 0 0
78 0 0
82 0 0
72 0 0
38 520 140
61 520 160
80 0 0
74 520 200
27 520 220
64 0 0
17 0 0
36 520 280
86 520 300
12 520 320
62 0 0
46 0 0
98 0 0
98 0 0
18 520 420
70 0 0
83 520 460
9 520 480
68 0 0
42 520 500
49 0 0
40 0 0
10 0 0
27 0 0
55 520 600
71 0 0
26 520 640
81 0 0
74 0 0
92 0 0
7 520 720
7 520 725
7 520 730
7 0 0
7 521 720
7 521 725
7 521 730
7 521 735
7 522 736
17 0 0
7 522 738
7 0 0
7 524 732
7 0 0
17 0 0
7 524 735
7 526 728
7 526 729
17 0 0
17 0 0
7 0 0
7 528 725
7 528 726
7 528 727
7 0 0
7 530 721
7 530 722
17 0 0
7 531 736
17 0 0
7 531 738
7 531 739
7 0 0
7 0 0
7 533 734
7 533 735
17 0 0
7 535 729
17 0 0
7 535 731
7 537 724
7 537 725
7 537 726
7 537 727
7 539 720
93 0 0
33 0 0
44 0 0
61 0 0
0 520 820
45 0 0
46 520 860
80 0 0
8 0 0
8 0 0
95 0 0
50 0 0
89 520 980
86 0 0
59 540 20
51 0 0
51 0 0
47 0 0
94 0 0
11 0 0
15 542 100
15 542 110
80 0 0
98 0 0
11 0 0
20 540 120
4 0 0
82 0 0
85 0 0
81 0 0
44 540 220
75 540 240
34 540 260
31 0 0
28 540 285
78 0 0
72 0 0
23 0 0
54 0 0
54 0 0
70 0 0
34 0 0
95 540 360
16 0 0
73 0 0
84 0 0
29 540 440
22 540 460
30 540 480
91 0 0
73 540 514
10 540 520
87 0 0
92 0 0
19 540 580
67 0 0
31 0 0
88 0 0
88 540 642
47 540 660
2 540 680
38 0 0
37 0 0
41 540 720
41 0 0
41 0 0
41 540 735
41 545 720
65 0 0
41 546 727
41 546 737
41 550 720
41 0 0
41 551 735
41 0 0
65 0 0
8 0 0
48 0 0
67 0 0
54 540 800
80 0 0
6 0 0
1 540 860
13 540 880
75 0 0
63 0 0
11 0 0
8 540 960
23 540 980
97 560 0
53 560 20
5 560 40
22 0 0
65 560 80
65 560 83
62 560 100
51 560 120
38 560 140
61 0 0
68 0 0
35 0 0
27 0 0
50 0 0
17 560 260
36 560 280
86 0 0
12 0 0
12 0 0
12 560 334
0 0 0
12 0 0
12 561 327
12 563 332
12 0 0
12 564 327
12 565 320
12 0 0
12 0 0
12 566 331
12 0 0
59 0 0
12 568 327
12 0 0
12 569 335
12 570 324
12 571 324
12 571 331
59 0 0
12 0 0
0 0 0
59 0 0
12 0 0
59 0 0
12 575 336
59 0 0
12 577 320
0 0 0
59 0 0
12 578 336
79 560 340
32 0 0
11 0 0
94 0 0
89 0 0
49 0 0
83 560 460
9 0 0
42 560 500
60 560 520
40 0 0
76 0 0
20 0 0
55 560 600
3 0 0
56 0 0
91 0 0
56 560 680
92 0 0
96 0 0
21 0 0
21 0 0
58 0 0
96 574 714
7 0 0
84 0 0
21 0 0
44 0 0
61 0 0
0 560 820
98 0 0
46 0 0
15 0 0
11 0 0
68 0 0
77 0 0
85 0 0
70 0 0
70 560 920
52 560 940
55 0 0
1 0 0
99 0 0
59 580 20
51 0 0
31 580 60
6 0 0
45 0 0
9 0 0
20 580 120
4 0 0
31 0 0
49 0 0
14 580 200
44 580 220
75 580 240
87 0 0
34 580 260
28 580 280
28 580 297
57 580 300
69 0 0
69 0 0
49 0 0
49 580 332
49 580 336
69 0 0
85 0 0
49 583 336
25 0 0
60 0 0
25 0 0
49 586 338
8 0 0
70 0 0
49 589 338
49 0 0
49 0 0
69 0 0
49 0 0
43 580 340
52 0 0
3 580 380
73 0 0
84 580 420
29 580 440
92 0 0
30 0 0
91 0 0
97 0 0
24 0 0
92 0 0
19 0 0
71 0 0
78 580 620
48 0 0
47 580 660
2 580 680
2 580 699
73 0 0
41 580 720
69 580 740
75 0 0
40 0 0
54 580 800
45 0 0
58 0 0
18 0 0
13 580 880
24 0 0
93 0 0
84 0 0
63 582 934
63 585 920
63 585 929
63 0 0
30 0 0
63 0 0
63 0 0
63 595 920
80 0 0
49 0 0
51 0 0
97 0 0
53 0 0
57 0 0
96 0 0
65 600 80
62 600 100
31 0 0
38 600 140
61 600 160
45 0 0
35 0 0
20 0 0
64 600 240
17 600 260
36 600 280
99 0 0
15 0 0
86 602 300
45 0 0
80 0 0
86 0 0
77 0 0
12 600 320
79 600 340
32 600 360
68 600 380
80 0 0
18 600 420
85 0 0
83 600 460
9 600 480
99 0 0
94 0 0
45 0 0
42 0 0
42 600 513
49 0 0
16 0 0
97 0 0
90 600 580
50 0 0
40 600 620
56 0 0
91 600 660
26 0 0
21 0 0
96 600 714
7 0 0
84 0 0
92 0 0
35 600 780
66 600 800
0 0 0
99 0 0
86 0 0
43 0 0
45 0 0
45 0 0
60 0 0
85 0 0
25 0 0
60 0 0
70 0 0
85 0 0
39 0 0
60 0 0
69 0 0
39 0 0
85 0 0
49 0 0
69 0 0
70 0 0
60 0 0
25 0 0
49 0 0
25 0 0
8 0 0
60 0 0
52 0 0
50 0 0
18 0 0
15 0 0
12 0 0
31 0 0
28 0 0
6 0 0
45 0 0
20 0 0
10 0 0
51 0 0
69 0 0
14 620 200
74 0 0
75 620 240
43 0 0
72 0 0
28 0 0
57 620 300
69 0 0
46 0 0
52 0 0
71 0 0
37 620 400
84 620 420
29 0 0
33 0 0
63 0 0
14 0 0
10 620 520
53 0 0
4 0 0
53 0 0
76 0 0
10 0 0
10 0 0
10 628 525
4 0 0
10 0 0
10 0 0
10 0 0
10 635 524
10 636 529
53 0 0
24 620 540
58 0 0
19 620 580
67 620 600
28 0 0
48 0 0
92 0 0
2 620 680
81 620 700
41 620 720
70 0 0
87 620 760
67 0 0
57 0 0
9 0 0
96 0 0
89 0 0
13 620 880
24 0 0
48 620 909
24 0 0
48 624 909
24 0 0
48 0 0
48 628 909
63 620 920
77 0 0
8 620 960
51 0 0
76 0 0
4 0 0
57 0 0
92 0 0
65 640 80
65 0 0
65 640 92
65 645 80
62 640 100
62 640 115
28 0 0
2 0 0
61 0 0
99 0 0
74 640 200
90 0 0
64 0 0
17 640 260
27 0 0
15 0 0
86 640 313
12 640 320
62 0 0
34 0 0
86 0 0
98 0 0
89 0 0
70 0 0
25 0 0
95 0 0
9 640 480
86 0 0
42 640 500
25 0 0
60 640 524
8 0 0
60 0 0
60 0 0
25 0 0
60 0 0
85 0 0
69 0 0
69 0 0
60 0 0
49 0 0
49 0 0
39 0 0
39 0 0
60 0 0
39 0 0
69 0 0
60 0 0
71 640 540
53 0 0
20 0 0
55 640 600
16 0 0
26 640 640
91 0 0
56 640 680
6 0 0
17 0 0
30 0 0
58 0 0
74 0 0
61 0 0
0 640 820
45 0 0
43 0 0
86 0 0
86 0 0
70 0 0
60 0 0
95 0 0
55 0 0
18 0 0
99 0 0
59 660 20
78 0 0
82 0 0
21 660 80
98 0 0
36 0 0
20 0 0
20 660 130
20 660 135
20 662 121
20 0 0
90 0 0
20 662 124
20 664 131
36 0 0
20 664 133
20 665 120
90 0 0
90 0 0
20 666 138
90 0 0
90 0 0
20 670 120
90 0 0
36 0 0
90 0 0
20 0 0
90 0 0
20 673 139
20 0 0
20 675 124
36 0 0
4 660 140
51 0 0
69 0 0
91 0 0
56 0 0
24 0 0
34 660 260
28 0 0
57 660 300
8 0 0
32 0 0
95 660 360
16 0 0
37 660 400
84 0 0
29 0 0
22 0 0
30 0 0
73 660 500
73 660 511
73 660 515
14 0 0
73 0 0
10 660 520
75 0 0
6 660 560
13 0 0
3 0 0
31 0 0
88 660 640
47 0 0
2 0 0
2 660 684
2 660 688
2 660 692
38 0 0
38 0 0
81 660 700
81 0 0
41 660 720
8 0 0
24 0 0
40 0 0
54 660 800
77 0 0
33 0 0
89 0 0
13 660 880
88 0 0
48 660 912
63 0 0
77 0 0
39 0 0
51 0 0
10 0 0
53 680 20
5 680 40
57 0 0
92 0 0
65 680 80
65 0 0
62 680 100
51 0 0
72 0 0
28 0 0
51 680 132
31 0 0
51 685 120
82 0 0
72 0 0
72 0 0
31 0 0
23 0 0
51 690 136
78 0 0
82 0 0
78 0 0
31 0 0
38 680 140
61 0 0
86 0 0
26 0 0
27 0 0
64 680 240
17 680 260
90 0 0
80 0 0
12 680 320
79 680 340
46 0 0
86 0 0
45 0 0
18 680 420
69 0 0
83 680 460
15 0 0
45 0 0
42 680 500
8 0 0
71 680 540
97 0 0
36 0 0
55 680 600
71 0 0
56 0 0
91 680 660
56 0 0
96 680 700
7 680 720
7 0 0
7 0 0
7 0 0
7 681 720
7 0 0
7 681 730
7 681 735
17 0 0
7 682 737
7 682 738
17 0 0
7 684 732
17 0 0
17 0 0
7 684 735
7 686 728
7 686 729
7 686 730
7 686 731
7 688 724
7 688 725
7 688 726
7 688 727
17 0 0
7 690 721
7 690 722
7 690 723
7 691 736
7 0 0
7 0 0
7 691 739
7 693 732
7 0 0
7 693 734
7 693 735
7 0 0
7 0 0
17 0 0
7 695 731
7 697 724
7 697 725
7 697 726
7 697 727
17 0 0
93 680 740
33 0 0
56 0 0
61 0 0
0 680 820
9 0 0
46 0 0
11 0 0
8 0 0
85 0 0
52 680 940
55 0 0
89 680 980
15 0 0
59 700 20
23 0 0
28 0 0
33 0 0
86 0 0
77 0 0
11 0 0
77 0 0
98 0 0
98 0 0
77 0 0
20 700 120
76 0 0
78 0 0
8 0 0
37 0 0
44 0 0
87 0 0
34 700 260
31 0 0
28 700 285
78 0 0
28 700 295
28 0 0
54 0 0
29 0 0
60 0 0
43 700 340
83 0 0
16 0 0
73 0 0
84 700 420
29 700 440
22 700 460
30 700 480
81 0 0
37 0 0
53 0 0
24 700 540
47 0 0
13 0 0
67 700 600
31 0 0
88 700 640
75 0 0
22 0 0
2 700 680
38 0 0
81 0 0
41 700 720
41 700 725
41 700 730
41 700 735
65 0 0
41 705 730
41 0 0
41 706 737
41 710 720
65 0 0
41 711 735
65 0 0
41 715 720
8 0 0
87 700 760
67 0 0
54 700 800
80 0 0
6 0 0
1 0 0
19 0 0
48 700 900
84 0 0
15 0 0
70 0 0
72 0 0
76 0 0
53 720 20
54 0 0
33 720 60
65 720 80
65 720 83
62 0 0
78 0 0
38 720 140
61 720 160
68 0 0
56 0 0
27 0 0
50 0 0
17 720 260
20 0 0
15 0 0
0 0 0
12 720 327
12 720 334
12 0 0
59 0 0
12 721 327
12 723 332
12 724 320
12 0 0
12 725 320
12 0 0
12 726 324
12 726 331
12 727 324
12 728 320
12 728 327
12 0 0
59 0 0
12 730 324
12 731 324
12 731 331
12 732 324
0 0 0
59 0 0
0 0 0
59 0 0
12 735 324
0 0 0
12 736 328
12 737 320
0 0 0
12 738 324
0 0 0
79 720 340
34 0 0
68 0 0
86 0 0
18 720 420
85 0 0
83 720 460
11 0 0
42 0 0
85 0 0
3 0 0
10 0 0
90 720 580
55 720 600
67 0 0
56 0 0
91 720 660
35 0 0
96 0 0
96 0 0
21 0 0
58 0 0
47 0 0
21 0 0
7 720 720
84 0 0
6 0 0
35 720 780
66 720 800
59 0 0
15 0 0
34 0 0
77 0 0
9 0 0
94 0 0
98 722 880
25 720 900
69 0 0
49 0 0
52 0 0
50 0 0
1 0 0
86 0 0
59 740 20
31 0 0
78 0 0
21 740 80
86 0 0
11 0 0
20 740 120
4 740 140
72 740 160
85 740 180
81 0 0
26 0 0
75 740 240
24 0 0
34 740 260
51 0 0
28 740 297
29 0 0
49 740 320
85 0 0
85 0 0
39 0 0
39 0 0
39 0 0
85 0 0
70 0 0
85 0 0
60 0 0
69 0 0
69 0 0
85 0 0
49 749 332
69 0 0
49 752 324
60 0 0
49 752 336
8 0 0
43 740 340
95 740 360
3 0 0
14 0 0
63 0 0
5 0 0
33 0 0
30 0 0
14 0 0
10 0 0
24 740 540
21 0 0
19 740 580
67 740 600
31 0 0
48 0 0
6 0 0
2 740 680
2 740 699
14 0 0
41 740 720
39 0 0
87 740 760
16 740 780
57 0 0
86 0 0
33 0 0
1 740 860
13 0 0
24 0 0
63 740 920
84 0 0
63 742 934
63 745 920
63 745 929
93 0 0
93 0 0
30 0 0
63 0 0
63 755 920
9 0 0
70 0 0
72 0 0
97 760 0
53 760 20
54 0 0
33 760 60
65 760 80
79 0 0
51 0 0
38 760 140
61 760 160
86 0 0
74 760 200
27 760 220
50 0 0
7 0 0
90 0 0
77 0 0
80 0 0
94 0 0
80 0 0
11 0 0
11 0 0
86 0 0
12 0 0
62 0 0
32 760 360
86 0 0
98 0 0
18 760 420
25 0 0
95 0 0
45 0 0
80 0 0
9 760 492
77 0 0
42 760 500
42 760 513
60 760 520
3 0 0
76 0 0
20 0 0
50 0 0
16 0 0
26 760 640
91 760 660
26 0 0
33 0 0
6 0 0
7 760 720
93 760 740
6 0 0
35 0 0
66 760 800
59 0 0
80 0 0
99 760 843
46 760 860
9 0 0
98 0 0
69 0 0
70 760 920
49 0 0
39 0 0
70 0 0
69 0 0
70 763 920
8 0 0
39 0 0
70 0 0
39 0 0
70 766 934
39 0 0
69 0 0
49 0 0
8 0 0
70 0 0
85 0 0
49 0 0
70 0 0
52 760 940
50 0 0
89 760 980
94 0 0
59 780 20
82 780 40
82 0 0
21 0 0
80 0 0
20 780 120
4 780 140
72 0 0
85 0 0
37 0 0
74 0 0
75 780 240
46 0 0
51 0 0
28 0 0
54 0 0
49 780 320
34 0 0
52 0 0
40 0 0
37 780 400
93 0 0
29 780 440
21 0 0
30 0 0
73 0 0
97 0 0
4 0 0
10 782 534
97 0 0
10 785 525
4 0 0
76 0 0
76 0 0
10 790 530
53 0 0
10 792 535
10 793 529
97 0 0
10 796 529
10 0 0
88 0 0
47 0 0
19 0 0
71 0 0
31 0 0
48 0 0
92 0 0
2 780 680
37 0 0
41 780 720
69 780 740
87 780 760
16 0 0
54 780 800
15 0 0
92 780 840
1 780 860
13 780 880
24 0 0
48 780 909
48 780 918
48 784 909
48 0 0
75 0 0
75 0 0
63 780 920
15 0 0
85 0 0
82 0 0
76 0 0
53 800 20
5 800 40
33 800 60
65 800 80
65 0 0
65 800 92
65 805 80
62 800 100
62 800 115
78 0 0
38 800 140
61 800 160
80 0 0
44 0 0
27 800 220
50 0 0
17 0 0
27 0 0
15 0 0
45 0 0
59 0 0
62 0 0
32 800 360
15 0 0
99 0 0
18 800 420
39 0 0
25 0 0
83 800 460
9 0 0
9 802 480
42 800 500
60 800 520
70 0 0
85 0 0
70 0 0
70 0 0
60 803 520
39 0 0
49 0 0
85 0 0
70 0 0
8 0 0
39 0 0
8 0 0
8 0 0
39 0 0
70 0 0
70 0 0
39 0 0
39 0 0
3 0 0
4 0 0
20 0 0
55 800 600
40 0 0
74 0 0
37 0 0
56 800 680
6 0 0
17 0 0
93 800 740
6 0 0
35 800 780
66 800 800
0 0 0
99 800 840
43 0 0
11 0 0
9 0 0
70 0 0
70 800 920
83 0 0
50 800 960
18 0 0
45 0 0
12 0 0
82 0 0
31 0 0
47 0 0
45 0 0
20 0 0
20 0 0
20 820 130
20 820 135
27 0 0
90 0 0
27 0 0
36 0 0
27 0 0
27 0 0
90 0 0
20 0 0
90 0 0
36 0 0
20 826 138
20 826 139
20 829 131
20 830 120
20 0 0
36 0 0
36 0 0
90 0 0
27 0 0
20 0 0
27 0 0
20 835 124
20 0 0
10 0 0
51 0 0
39 0 0
91 0 0
44 820 220
87 0 0
46 0 0
31 0 0
57 820 300
69 0 0
43 0 0
83 0 0
3 0 0
73 0 0
84 820 420
54 0 0
96 0 0
63 0 0
81 0 0
73 820 511
81 0 0
73 826 507
73 831 514
76 0 0
48 0 0
96 0 0
19 820 580
67 820 600
82 0 0
48 0 0
47 820 660
2 820 680
2 820 684
2 0 0
2 0 0
2 820 696
2 823 680
73 0 0
81 820 714
65 0 0
8 0 0
87 820 760
16 0 0
54 820 800
45 0 0
92 820 840
89 0 0
13 820 880
75 0 0
75 0 0
63 820 920
99 0 0
39 0 0
23 820 980
97 840 0
53 840 20
54 0 0
5 840 43
58 0 0
65 0 0
41 0 0
79 0 0
51 0 0
51 0 0
72 0 0
51 0 0
51 840 136
51 845 120
23 0 0
51 845 136
51 0 0
23 0 0
51 850 120
72 0 0
82 0 0
82 0 0
31 0 0
23 0 0
38 840 140
61 0 0
45 840 180
74 0 0
20 0 0
55 0 0
17 0 0
20 0 0
68 0 0
12 840 320
79 840 340
32 0 0
77 0 0
77 0 0
18 840 420
39 0 0
83 840 460
86 0 0
68 0 0
42 840 500
25 0 0
71 0 0
97 0 0
90 840 580
55 840 600
40 0 0
26 840 640
37 0 0
74 0 0
58 0 0
7 840 720
7 0 0
7 840 730
17 0 0
7 841 720
17 0 0
7 841 730
7 0 0
17 0 0
17 0 0
17 0 0
7 0 0
7 844 732
7 844 733
7 0 0
7 844 735
17 0 0
7 846 729
7 0 0
7 0 0
7 0 0
7 848 725
7 848 726
17 0 0
7 0 0
7 0 0
7 850 722
7 850 723
7 851 736
7 851 737
7 851 738
7 0 0
17 0 0
7 853 733
7 853 734
7 0 0
7 855 728
7 855 729
7 0 0
7 0 0
7 857 724
17 0 0
7 857 726
7 0 0
7 859 720
93 840 740
58 0 0
35 840 780
66 840 800
0 840 820
86 0 0
32 0 0
68 0 0
25 840 900
70 840 920
52 840 940
50 840 960
18 0 0
45 0 0
12 0 0
78 0 0
31 0 0
6 0 0
94 0 0
86 0 0
11 0 0
9 0 0
68 0 0
98 0 0
11 0 0
36 0 0
4 860 140
31 0 0
85 860 180
73 0 0
26 0 0
75 860 240
34 860 260
51 0 0
23 0 0
82 0 0
51 0 0
28 865 280
57 860 300
57 860 313
39 0 0
34 0 0
95 860 360
3 0 0
37 860 400
93 0 0
5 0 0
96 0 0
30 860 480
91 0 0
73 860 514
10 860 520
48 0 0
92 0 0
19 0 0
40 0 0
78 0 0
48 0 0
48 0 0
47 0 0
2 860 680
2 0 0
81 860 700
41 860 720
41 0 0
41 0 0
41 0 0
41 865 720
41 0 0
41 866 727
41 866 737
41 870 720
41 871 725
41 871 735
41 872 732
41 875 720
49 0 0
88 0 0
40 0 0
29 0 0
99 0 0
33 0 0
1 860 860
13 860 880
24 0 0
84 0 0
98 0 0
85 0 0
51 0 0
4 0 0
53 880 20
57 0 0
6 0 0
65 880 80
41 0 0
62 0 0
51 880 120
2 0 0
66 0 0
68 0 0
26 0 0
27 880 220
64 880 240
7 0 0
90 0 0
77 0 0
12 880 320
59 0 0
59 0 0
12 880 337
0 0 0
12 881 327
12 883 332
12 884 320
12 884 327
0 0 0
0 0 0
12 886 324
0 0 0
12 887 324
12 888 320
12 888 327
12 889 320
12 0 0
0 0 0
12 891 324
12 891 331
12 892 324
12 892 335
12 893 328
12 894 320
12 894 332
12 895 324
12 0 0
0 0 0
12 897 320
12 0 0
12 898 324
12 898 336
79 880 340
32 880 360
98 0 0
45 0 0
18 880 420
69 0 0
83 880 460
9 880 480
42 880 500
49 0 0
40 0 0
4 0 0
27 0 0
55 0 0
40 0 0
26 0 0
73 0 0
74 0 0
22 0 0
6 0 0
21 0 0
96 886 707
33 0 0
21 0 0
7 880 720
93 880 740
96 0 0
44 0 0
66 880 800
59 0 0
80 0 0
32 0 0
80 0 0
77 0 0
77 0 0
98 0 0
25 0 0
49 0 0
25 0 0
52 880 940
50 880 960
18 0 0
86 0 0
59 0 0
82 900 40
31 0 0
58 0 0
15 0 0
68 0 0
36 0 0
4 900 140
78 0 0
85 900 180
14 900 200
44 900 220
88 0 0
88 0 0
34 900 260
23 0 0
31 0 0
5 0 0
69 0 0
25 0 0
39 0 0
49 900 332
49 900 336
70 0 0
49 903 328
25 0 0
39 0 0
25 0 0
8 0 0
39 0 0
70 0 0
8 0 0
49 909 338
25 0 0
25 0 0
70 0 0
49 915 322
32 0 0
95 900 360
16 0 0
81 0 0
93 0 0
54 0 0
92 0 0
30 900 480
73 0 0
4 0 0
48 0 0
22 0 0
19 900 580
67 0 0
72 0 0
75 0 0
92 0 0
2 900 680
2 900 699
91 0 0
41 900 720
8 0 0
87 0 0
16 0 0
54 900 800
45 0 0
58 0 0
1 0 0
13 900 880
48 900 900
63 900 920
63 900 929
63 0 0
63 905 920
84 0 0
63 0 0
63 910 920
63 910 929
84 0 0
30 0 0
80 0 0
60 0 0
78 0 0
53 0 0
10 0 0
5 920 40
33 0 0
65 920 80
62 920 100
72 0 0
38 0 0
61 0 0
11 0 0
44 0 0
90 0 0
64 920 240
17 0 0
36 920 280
99 0 0
80 0 0
15 0 0
15 0 0
45 0 0
9 0 0
11 0 0
12 0 0
79 920 340
32 920 360
86 0 0
94 0 0
18 0 0
49 0 0
83 920 460
45 0 0
99 0 0
99 0 0
94 0 0
42 920 500
42 920 513
60 920 520
40 0 0
53 0 0
27 0 0
55 920 600
40 920 620
26 0 0
91 0 0
56 920 680
96 0 0
6 0 0
7 920 720
93 920 740
96 0 0
35 920 780
61 0 0
0 920 820
15 0 0
68 0 0
32 0 0
77 0 0
11 0 0
25 0 0
85 0 0
70 920 924
70 920 928
25 0 0
69 0 0
60 0 0
8 0 0
8 0 0
69 0 0
69 0 0
70 0 0
25 0 0
49 0 0
8 0 0
60 0 0
39 0 0
39 0 0
39 0 0
25 0 0
52 0 0
50 920 960
89 920 980
15 0 0
12 0 0
78 0 0
82 0 0
92 0 0
98 0 0
90 0 0
4 0 0
72 0 0
25 0 0
73 0 0
44 940 220
87 0 0
34 0 0
31 0 0
78 0 0
57 940 300
39 0 0
43 940 340
95 940 360
67 0 0
37 940 400
84 940 420
57 0 0
33 0 0
84 0 0
73 940 500
53 0 0
10 940 529
10 942 534
10 943 520
97 0 0
76 0 0
97 0 0
53 0 0
10 950 530
10 951 520
53 0 0
4 0 0
4 0 0
53 0 0
97 0 0
87 0 0
6 940 560
19 940 580
71 0 0
78 940 620
88 0 0
92 0 0
2 0 0
14 0 0
65 0 0
60 0 0
87 0 0
3 0 0
54 0 0
45 0 0
33 0 0
1 0 0
19 0 0
48 0 0
88 0 0
87 0 0
87 0 0
24 0 0
75 0 0
24 0 0
93 0 0
80 0 0
60 0 0
28 0 0
97 0 0
10 0 0
5 960 40
33 0 0
65 960 80
65 960 86
65 960 92
65 0 0
62 960 100
62 0 0
51 960 120
2 0 0
61 960 160
94 0 0
35 0 0
90 0 0
64 960 240
17 960 260
20 0 0
86 0 0
94 0 0
59 0 0
79 960 340
32 960 360
68 960 380
86 0 0
18 960 420
85 0 0
39 960 442
83 960 460
80 0 0
80 0 0
42 960 500
39 0 0
49 0 0
70 0 0
25 0 0
85 0 0
60 963 520
8 0 0
60 963 536
49 0 0
60 966 528
60 966 534
8 0 0
60 969 524
60 0 0
85 0 0
39 0 0
85 0 0
60 0 0
60 0 0
71 960 540
53 0 0
90 960 580
55 0 0
71 0 0
74 0 0
91 0 0
56 0 0
6 0 0
7 960 720
93 0 0
21 0 0
56 0 0
66 960 800
59 0 0
86 0 0
32 0 0
15 0 0
9 0 0
25 0 0
8 0 0
52 960 940
50 960 960
1 0 0
45 0 0
59 980 20
82 980 40
31 0 0
47 0 0
9 0 0
36 0 0
20 980 125
20 980 130
20 0 0
20 0 0
36 0 0
20 0 0
36 0 0
20 984 131
90 0 0
27 0 0
27 0 0
20 985 130
36 0 0
27 0 0
27 0 0
20 989 131
20 990 120
27 0 0
36 0 0
90 0 0
36 0 0
20 0 0
90 0 0
20 994 131
27 0 0
20 995 130
4 980 140
28 0 0
49 0 0
37 0 0
35 0 0
75 0 0
34 0 0
31 0 0
57 980 300
49 0 0
32 0 0
52 0 0
67 0 0
37 0 0
84 980 420
5 0 0
22 0 0
84 0 0
91 0 0
73 980 511
73 0 0
73 986 507
73 991 514
53 0 0
24 980 540
92 0 0
19 0 0
67 980 600
78 980 620
48 0 0
21 0 0
2 980 680
2 980 684
38 0 0
2 0 0
2 980 696
2 983 680
81 0 0
81 0 0
41 980 720
69 0 0
87 0 0
3 0 0
54 980 800
94 980 820
33 0 0
1 980 860
13 980 880
24 0 0
48 0 0
84 0 0
77 0 0
8 0 0
82 0 0
110 0 83
110 0 89
110 0 95
169 0 105
163 0 303
137 3 440
121 0 483
112 0 522
112 0 526
112 0 530
112 0 534
112 0 538
112 3 524
112 3 532
112 6 520
112 6 526
112 6 530
112 6 536
112 9 522
112 9 528
112 9 534
112 12 520
112 12 526
112 12 532
112 12 538
134 2 880
142 20 121
142 20 126
142 20 131
142 20 136
142 22 126
142 22 131
142 22 136
142 24 126
142 24 136
142 26 125
142 26 134
142 27 121
142 28 125
142 28 134
142 29 121
142 30 125
142 30 132
142 31 121
142 31 136
142 32 125
142 33 121
142 33 134
142 34 125
142 35 120
142 35 134
142 36 125
142 37 120
142 37 132
142 38 125
138 20 504
138 25 511
138 26 500
138 31 507
138 32 500
110 20 681
110 20 685
110 20 689
110 20 693
110 20 697
169 20 704
163 20 902
137 43 40
121 40 83
112 40 122
112 40 126
112 40 130
112 40 134
112 40 138
112 45 124
112 45 132
112 46 122
112 46 130
112 46 138
112 50 128
112 51 124
112 51 132
112 52 122
112 52 138
134 42 480
142 40 721
142 40 726
142 40 731
142 40 736
142 42 720
142 42 724
142 42 728
142 42 732
142 43 736
142 44 720
142 44 724
142 44 728
142 45 732
142 45 736
142 46 720
142 46 724
142 47 728
142 47 732
142 47 736
142 48 720
142 49 724
142 49 728
142 49 732
142 49 736
142 51 720
142 51 724
142 51 728
142 51 732
142 52 736
142 53 720
142 53 724
142 53 728
142 54 732
142 54 736
142 55 720
142 55 724
142 56 728
142 56 732
142 56 736
142 57 720
142 58 724
142 58 728
142 58 732
142 58 736
138 60 103
138 60 113
138 66 100
138 66 107
138 72 100
138 72 107
110 60 282
110 60 287
110 60 292
110 60 297
169 60 303
163 60 504
137 64 640
121 60 681
112 60 723
112 60 728
112 60 733
112 60 738
112 65 725
112 65 735
112 66 723
112 66 733
112 70 730
112 71 728
112 71 738
112 72 723
134 85 80
142 80 323
142 80 330
142 81 334
142 82 320
142 82 324
142 82 328
142 83 335
142 84 323
142 84 330
142 85 334
142 86 320
142 86 327
142 87 331
142 87 335
142 88 323
142 89 327
142 89 331
142 90 320
142 90 335
142 91 327
142 92 320
142 92 331
142 93 324
142 93 335
142 94 328
142 95 320
142 95 332
142 96 324
142 96 336
142 97 328
142 98 320
142 98 332
138 80 704
138 84 711
138 86 700
138 90 707
138 92 700
110 80 883
110 80 889
110 80 895
169 80 902
163 100 103
137 104 240
121 100 282
112 100 322
112 100 326
112 100 330
112 100 334
112 100 338
112 103 324
112 103 332
112 106 320
112 106 326
112 106 330
112 106 336
112 109 322
112 109 328
112 109 334
112 112 320
112 112 326
112 112 332
112 112 338
134 100 681
142 100 925
142 100 934
142 102 925
142 104 925
142 106 925
142 108 925
142 110 925
142 112 925
142 114 925
142 115 929
142 116 925
142 117 929
138 120 303
138 120 313
138 126 300
138 126 307
138 132 300
138 132 307
110 120 483
110 120 489
110 120 495
169 120 503
163 120 704
137 122 840
121 120 883
112 120 922
112 120 926
112 120 930
112 120 934
112 120 938
112 123 924
112 123 932
112 126 920
112 126 926
112 126 930
112 126 936
112 129 922
112 129 928
112 129 934
112 132 920
112 132 926
112 132 932
112 132 938
134 140 282
142 140 525
142 140 534
142 142 525
142 143 529
142 145 530
142 146 520
142 147 530
142 148 534
142 150 535
142 151 525
142 153 525
142 154 520
142 155 534
142 156 520
142 158 520
142 158 524
138 140 902
138 140 911
138 146 900
138 146 911
138 152 900
138 152 907
110 160 83
110 160 89
110 160 95
169 160 105
163 160 303
137 163 440
121 160 483
112 160 522
112 160 526
112 160 530
112 160 534
112 160 538
112 163 524
112 163 532
112 166 520
112 166 526
112 166 530
112 166 536
112 169 522
112 169 528
112 169 534
112 172 520
112 172 526
112 172 532
112 172 538
134 162 880
142 180 121
142 180 126
142 180 131
142 180 136
142 182 126
142 182 131
142 182 136
142 184 126
142 184 136
142 186 125
142 186 134
142 187 121
142 188 125
142 188 134
142 189 121
142 190 125
142 190 132
142 191 121
142 191 136
142 192 125
142 193 121
142 193 134
142 194 125
142 195 120
142 195 134
142 196 125
142 197 120
142 197 132
142 198 125
138 180 504
138 185 511
138 186 500
138 191 507
138 192 500
110 180 681
110 180 685
110 180 689
110 180 693
110 180 697
169 180 704
163 180 902
137 203 40
121 200 83
112 200 122
112 200 126
112 200 130
112 200 134
112 200 138
112 205 124
112 205 132
112 206 122
112 206 130
112 206 138
112 210 128
112 211 124
112 211 132
112 212 122
112 212 138
134 202 480
142 200 721
142 200 726
142 200 731
142 200 736
142 202 720
142 202 724
142 202 728
142 202 732
142 203 736
142 204 720
142 204 724
142 204 728
142 205 732
142 205 736
142 206 720
142 206 724
142 207 728
142 207 732
142 207 736
142 208 720
142 209 724
142 209 728
142 209 732
142 209 736
142 211 720
142 211 724
142 211 728
142 211 732
142 212 736
142 213 720
142 213 724
142 213 728
142 214 732
142 214 736
142 215 720
142 215 724
142 216 728
142 216 732
142 216 736
142 217 720
142 218 724
142 218 728
142 218 732
142 218 736
138 220 103
138 220 113
138 226 100
138 226 107
138 232 100
138 232 107
110 220 282
110 220 287
110 220 292
110 220 297
169 220 303
163 220 504
137 224 640
121 220 681
112 220 723
112 220 728
112 220 733
112 220 738
112 225 725
112 225 735
112 226 723
112 226 733
112 230 730
112 231 728
112 231 738
112 232 723
134 245 80
142 240 323
142 240 330
142 241 334
142 242 320
142 242 324
142 242 328
142 243 335
142 244 323
142 244 330
142 245 334
142 246 320
142 246 327
142 247 331
142 247 335
142 248 323
142 249 327
142 249 331
142 250 320
142 250 335
142 251 327
142 252 320
142 252 331
142 253 324
142 253 335
142 254 328
142 255 320
142 255 332
142 256 324
142 256 336
142 257 328
142 258 320
142 258 332
138 240 704
138 244 711
138 246 700
138 250 707
138 252 700
110 240 883
110 240 889
110 240 895
169 240 902
163 260 103
137 264 240
121 260 282
112 260 322
112 260 326
112 260 330
112 260 334
112 260 338
112 263 324
112 263 332
112 266 320
112 266 326
112 266 330
112 266 336
112 269 322
112 269 328
112 269 334
112 272 320
112 272 326
112 272 332
112 272 338
134 260 681
142 260 925
142 260 934
142 262 925
142 264 925
142 266 925
142 268 925
142 270 925
142 272 925
142 274 925
142 275 929
142 276 925
142 277 929
138 280 303
138 280 313
138 286 300
138 286 307
138 292 300
138 292 307
110 280 483
110 280 489
110 280 495
169 280 503
163 280 704
137 282 840
121 280 883
112 280 922
112 280 926
112 280 930
112 280 934
112 280 938
112 283 924
112 283 932
112 286 920
112 286 926
112 286 930
112 286 936
112 289 922
112 289 928
112 289 934
112 292 920
112 292 926
112 292 932
112 292 938
134 300 282
142 300 525
142 300 534
142 302 525
142 303 529
142 305 530
142 306 520
142 307 530
142 308 534
142 310 535
142 311 525
142 313 525
142 314 520
142 315 534
142 316 520
142 318 520
142 318 524
138 300 902
138 300 911
138 306 900
138 306 911
138 312 900
138 312 907
110 320 83
110 320 89
110 320 95
169 320 105
163 320 303
137 323 440
121 320 483
112 320 522
112 320 526
112 320 530
112 320 534
112 320 538
112 323 524
112 323 532
112 326 520
112 326 526
112 326 530
112 326 536
112 329 522
112 329 528
112 329 534
112 332 520
112 332 526
112 332 532
112 332 538
134 322 880
142 340 121
142 340 126
142 340 131
142 340 136
142 342 126
142 342 131
142 342 136
142 344 126
142 344 136
142 346 125
142 346 134
142 347 121
142 348 125
142 348 134
142 349 121
142 350 125
142 350 132
142 351 121
142 351 136
142 352 125
142 353 121
142 353 134
142 354 125
142 355 120
142 355 134
142 356 125
142 357 120
142 357 132
142 358 125
138 340 504
138 345 511
138 346 500
138 351 507
138 352 500
110 340 681
110 340 685
110 340 689
110 340 693
110 340 697
169 340 704
163 340 902
137 363 40
121 360 83
112 360 122
112 360 126
112 360 130
112 360 134
112 360 138
112 365 124
112 365 132
112 366 122
112 366 130
112 366 138
112 370 128
112 371 124
112 371 132
112 372 122
112 372 138
134 362 480
142 360 721
142 360 726
142 360 731
142 360 736
142 362 720
142 362 724
142 362 728
142 362 732
142 363 736
142 364 720
142 364 724
142 364 728
142 365 732
142 365 736
142 366 720
142 366 724
142 367 728
142 367 732
142 367 736
142 368 720
142 369 724
142 369 728
142 369 732
142 369 736
142 371 720
142 371 724
142 371 728
142 371 732
142 372 736
142 373 720
142 373 724
142 373 728
142 374 732
142 374 736
142 375 720
142 375 724
142 376 728
142 376 732
142 376 736
142 377 720
142 378 724
142 378 728
142 378 732
142 378 736
138 380 103
138 380 113
138 386 100
138 386 107
138 392 100
138 392 107
110 380 282
110 380 287
110 380 292
110 380 297
169 380 303
163 380 504
137 384 640
121 380 681
112 380 723
112 380 728
112 380 733
112 380 738
112 385 725
112 385 735
112 386 723
112 386 733
112 390 730
112 391 728
112 391 738
112 392 723
134 405 80
142 400 323
142 400 330
142 401 334
142 402 320
142 402 324
142 402 328
142 403 335
142 404 323
142 404 330
142 405 334
142 406 320
142 406 327
142 407 331
142 407 335
142 408 323
142 409 327
142 409 331
142 410 320
142 410 335
142 411 327
142 412 320
142 412 331
142 413 324
142 413 335
142 414 328
142 415 320
142 415 332
142 416 324
142 416 336
142 417 328
142 418 320
142 418 332
138 400 704
138 404 711
138 406 700
138 410 707
138 412 700
110 400 883
110 400 889
110 400 895
169 400 902
163 420 103
137 424 240
121 420 282
112 420 322
112 420 326
112 420 330
112 420 334
112 420 338
112 423 324
112 423 332
112 426 320
112 426 326
112 426 330
112 426 336
112 429 322
112 429 328
112 429 334
112 432 320
112 432 326
112 432 332
112 432 338
134 420 681
142 420 925
142 420 934
142 422 925
142 424 925
142 426 925
142 428 925
142 430 925
142 432 925
142 434 925
142 435 929
142 436 925
142 437 929
138 440 303
138 440 313
138 446 300
138 446 307
138 452 300
138 452 307
110 440 483
110 440 489
110 440 495
169 440 503
163 440 704
137 442 840
121 440 883
112 440 922
112 440 926
112 440 930
112 440 934
112 440 938
112 443 924
112 443 932
112 446 920
112 446 926
112 446 930
112 446 936
112 449 922
112 449 928
112 449 934
112 452 920
112 452 926
112 452 932
112 452 938
134 460 282
142 460 525
142 460 534
142 462 525
142 463 529
142 465 530
142 466 520
142 467 530
142 468 534
142 470 535
142 471 525
142 473 525
142 474 520
142 475 534
142 476 520
142 478 520
142 478 524
138 460 902
138 460 911
138 466 900
138 466 911
138 472 900
138 472 907
110 480 83
110 480 89
110 480 95
169 480 105
163 480 303
137 483 440
121 480 483
112 480 522
112 480 526
112 480 530
112 480 534
112 480 538
112 483 524
112 483 532
112 486 520
112 486 526
112 486 530
112 486 536
112 489 522
112 489 528
112 489 534
112 492 520
112 492 526
112 492 532
112 492 538
134 482 880
142 500 121
142 500 126
142 500 131
142 500 136
142 502 126
142 502 131
142 502 136
142 504 126
142 504 136
142 506 125
142 506 134
142 507 121
142 508 125
142 508 134
142 509 121
142 510 125
142 510 132
142 511 121
142 511 136
142 512 125
142 513 121
142 513 134
142 514 125
142 515 120
142 515 134
142 516 125
142 517 120
142 517 132
142 518 125
138 500 504
138 505 511
138 506 500
138 511 507
138 512 500
110 500 681
110 500 685
110 500 689
110 500 693
110 500 697
169 500 704
163 500 902
137 523 40
121 520 83
112 520 122
112 520 126
112 520 130
112 520 134
112 520 138
112 525 124
112 525 132
112 526 122
112 526 130
112 526 138
112 530 128
112 531 124
112 531 132
112 532 122
112 532 138
134 522 480
142 520 721
142 520 726
142 520 731
142 520 736
142 522 720
142 522 724
142 522 728
142 522 732
142 523 736
142 524 720
142 524 724
142 524 728
142 525 732
142 525 736
142 526 720
142 526 724
142 527 728
142 527 732
142 527 736
142 528 720
142 529 724
142 529 728
142 529 732
142 529 736
142 531 720
142 531 724
142 531 728
142 531 732
142 532 736
142 533 720
142 533 724
142 533 728
142 534 732
142 534 736
142 535 720
142 535 724
142 536 728
142 536 732
142 536 736
142 537 720
142 538 724
142 538 728
142 538 732
142 538 736
138 540 103
138 540 113
138 546 100
138 546 107
138 552 100
138 552 107
110 540 282
110 540 287
110 540 292
110 540 297
169 540 303
163 540 504
137 544 640
121 540 681
112 540 723
112 540 728
112 540 733
112 540 738
112 545 725
112 545 735
112 546 723
112 546 733
112 550 730
112 551 728
112 551 738
112 552 723
134 565 80
142 560 323
142 560 330
142 561 334
142 562 320
142 562 324
142 562 328
142 563 335
142 564 323
142 564 330
142 565 334
142 566 320
142 566 327
142 567 331
142 567 335
142 568 323
142 569 327
142 569 331
142 570 320
142 570 335
142 571 327
142 572 320
142 572 331
142 573 324
142 573 335
142 574 328
142 575 320
142 575 332
142 576 324
142 576 336
142 577 328
142 578 320
142 578 332
138 560 704
138 564 711
138 566 700
138 570 707
138 572 700
110 560 883
110 560 889
110 560 895
169 560 902
163 580 103
137 584 240
121 580 282
112 580 322
112 580 326
112 580 330
112 580 334
112 580 338
112 583 324
112 583 332
112 586 320
112 586 326
112 586 330
112 586 336
112 589 322
112 589 328
112 589 334
112 592 320
112 592 326
112 592 332
112 592 338
134 580 681
142 580 925
142 580 934
142 582 925
142 584 925
142 586 925
142 588 925
142 590 925
142 592 925
142 594 925
142 595 929
142 596 925
142 597 929
138 600 303
138 600 313
138 606 300
138 606 307
138 612 300
138 612 307
110 600 483
110 600 489
110 600 495
169 600 503
163 600 704
137 602 840
121 600 883
112 600 922
112 600 926
112 600 930
112 600 934
112 600 938
112 603 924
112 603 932
112 606 920
112 606 926
112 606 930
112 606 936
112 609 922
112 609 928
112 609 934
112 612 920
112 612 926
112 612 932
112 612 938
134 620 282
142 620 525
142 620 534
142 622 525
142 623 529
142 625 530
142 626 520
142 627 530
142 628 534
142 630 535
142 631 525
142 633 525
142 634 520
142 635 534
142 636 520
142 638 520
142 638 524
138 620 902
138 620 911
138 626 900
138 626 911
138 632 900
138 632 907
110 640 83
110 640 89
110 640 95
169 640 105
163 640 303
137 643 440
121 640 483
112 640 522
112 640 526
112 640 530
112 640 534
112 640 538
112 643 524
112 643 532
112 646 520
112 646 526
112 646 530
112 646 536
112 649 522
112 649 528
112 649 534
112 652 520
112 652 526
112 652 532
112 652 538
134 642 880
142 660 121
142 660 126
142 660 131
142 660 136
142 662 126
142 662 131
142 662 136
142 664 126
142 664 136
142 666 125
142 666 134
142 667 121
142 668 125
142 668 134
142 669 121
142 670 125
142 670 132
142 671 121
142 671 136
142 672 125
142 673 121
142 673 134
142 674 125
142 675 120
142 675 134
142 676 125
142 677 120
142 677 132
142 678 125
138 660 504
138 665 511
138 666 500
138 671 507
138 672 500
110 660 681
110 660 685
110 660 689
110 660 693
110 660 697
169 660 704
163 660 902
137 683 40
121 680 83
112 680 122
112 680 126
112 680 130
112 680 134
112 680 138
112 685 124
112 685 132
112 686 122
112 686 130
112 686 138
112 690 128
112 691 124
112 691 132
112 692 122
112 692 138
134 682 480
142 680 721
142 680 726
142 680 731
142 680 736
142 682 720
142 682 724
142 682 728
142 682 732
142 683 736
142 684 720
142 684 724
142 684 728
142 685 732
142 685 736
142 686 720
142 686 724
142 687 728
142 687 732
142 687 736
142 688 720
142 689 724
142 689 728
142 689 732
142 689 736
142 691 720
142 691 724
142 691 728
142 691 732
142 692 736
142 693 720
142 693 724
142 693 728
142 694 732
142 694 736
142 695 720
142 695 724
142 696 728
142 696 732
142 696 736
142 697 720
142 698 724
142 698 728
142 698 732
142 698 736
138 700 103
138 700 113
138 706 100
138 706 107
138 712 100
138 712 107
110 700 282
110 700 287
110 700 292
110 700 297
169 700 303
163 700 504
137 704 640
121 700 681
112 700 723
112 700 728
112 700 733
112 700 738
112 705 725
112 705 735
112 706 723
112 706 733
112 710 730
112 711 728
112 711 738
112 712 723
134 725 80
142 720 323
142 720 330
142 721 334
142 722 320
142 722 324
142 722 328
142 723 335
142 724 323
142 724 330
142 725 334
142 726 320
142 726 327
142 727 331
142 727 335
142 728 323
142 729 327
142 729 331
142 730 320
142 730 335
142 731 327
142 732 320
142 732 331
142 733 324
142 733 335
142 734 328
142 735 320
142 735 332
142 736 324
142 736 336
142 737 328
142 738 320
142 738 332
138 720 704
138 724 711
138 726 700
138 730 707
138 732 700
110 720 883
110 720 889
110 720 895
169 720 902
163 740 103
137 744 240
121 740 282
112 740 322
112 740 326
112 740 330
112 740 334
112 740 338
112 743 324
112 743 332
112 746 320
112 746 326
112 746 330
112 746 336
112 749 322
112 749 328
112 749 334
112 752 320
112 752 326
112 752 332
112 752 338
134 740 681
142 740 925
142 740 934
142 742 925
142 744 925
142 746 925
142 748 925
142 750 925
142 752 925
142 754 925
142 755 929
142 756 925
142 757 929
138 760 303
138 760 313
138 766 300
138 766 307
138 772 300
138 772 307
110 760 483
110 760 489
110 760 495
169 760 503
163 760 704
137 762 840
121 760 883
112 760 922
112 760 926
112 760 930
112 760 934
112 760 938
112 763 924
112 763 932
112 766 920
112 766 926
112 766 930
112 766 936
112 769 922
112 769 928
112 769 934
112 772 920
112 772 926
112 772 932
112 772 938
134 780 282
142 780 525
142 780 534
142 782 525
142 783 529
142 785 530
142 786 520
142 787 530
142 788 534
142 790 535
142 791 525
142 793 525
142 794 520
142 795 534
142 796 520
142 798 520
142 798 524
138 780 902
138 780 911
138 786 900
138 786 911
138 792 900
138 792 907
110 800 83
110 800 89
110 800 95
169 800 105
163 800 303
137 803 440
121 800 483
112 800 522
112 800 526
112 800 530
112 800 534
112 800 538
112 803 524
112 803 532
112 806 520
112 806 526
112 806 530
112 806 536
112 809 522
112 809 528
112 809 534
112 812 520
112 812 526
112 812 532
112 812 538
134 802 880
142 820 121
142 820 126
142 820 131
142 820 136
142 822 126
142 822 131
142 822 136
142 824 126
142 824 136
142 826 125
142 826 134
142 827 121
142 828 125
142 828 134
142 829 121
142 830 125
142 830 132
142 831 121
142 831 136
142 832 125
142 833 121
142 833 134
142 834 125
142 835 120
142 835 134
142 836 125
142 837 120
142 837 132
142 838 125
138 820 504
138 825 511
138 826 500
138 831 507
138 832 500
110 820 681
110 820 685
110 820 689
110 820 693
110 820 697
169 820 704
163 820 902
137 843 40
121 840 83
112 840 122
112 840 126
112 840 130
112 840 134
112 840 138
112 845 124
112 845 132
112 846 122
112 846 130
112 846 138
112 850 128
112 851 124
112 851 132
112 852 122
112 852 138
134 842 480
142 840 721
142 840 726
142 840 731
142 840 736
142 842 720
142 842 724
142 842 728
142 842 732
142 843 736
142 844 720
142 844 724
142 844 728
142 845 732
142 845 736
142 846 720
142 846 724
142 847 728
142 847 732
142 847 736
142 848 720
142 849 724
142 849 728
142 849 732
142 849 736
142 851 720
142 851 724
142 851 728
142 851 732
142 852 736
142 853 720
142 853 724
142 853 728
142 854 732
142 854 736
142 855 720
142 855 724
142 856 728
142 856 732
142 856 736
142 857 720
142 858 724
142 858 728
142 858 732
142 858 736
138 860 103
138 860 113
138 866 100
138 866 107
138 872 100
138 872 107
110 860 282
110 860 287
110 860 292
110 860 297
169 860 303
163 860 504
137 864 640
121 860 681
112 860 723
112 860 728
112 860 733
112 860 738
112 865 725
112 865 735
112 866 723
112 866 733
112 870 730
112 871 728
112 871 738
112 872 723
134 885 80
142 880 323
142 880 330
142 881 334
142 882 320
142 882 324
142 882 328
142 883 335
142 884 323
142 884 330
142 885 334
142 886 320
142 886 327
142 887 331
142 887 335
142 888 323
142 889 327
142 889 331
142 890 320
142 890 335
142 891 327
142 892 320
142 892 331
142 893 324
142 893 335
142 894 328
142 895 320
142 895 332
142 896 324
142 896 336
142 897 328
142 898 320
142 898 332
138 880 704
138 884 711
138 886 700
138 890 707
138 892 700
110 880 883
110 880 889
110 880 895
169 880 902
163 900 103
137 904 240
121 900 282
112 900 322
112 900 326
112 900 330
112 900 334
112 900 338
112 903 324
112 903 332
112 906 320
112 906 326
112 906 330
112 906 336
112 909 322
112 909 328
112 909 334
112 912 320
112 912 326
112 912 332
112 912 338
134 900 681
142 900 925
142 900 934
142 902 925
142 904 925
142 906 925
142 908 925
142 910 925
142 912 925
142 914 925
142 915 929
142 916 925
142 917 929
138 920 303
138 920 313
138 926 300
138 926 307
138 932 300
138 932 307
110 920 483
110 920 489
110 920 495
169 920 503
163 920 704
137 922 840
121 920 883
112 920 922
112 920 926
112 920 930
112 920 934
112 920 938
112 923 924
112 923 932
112 926 920
112 926 926
112 926 930
112 926 936
112 929 922
112 929 928
112 929 934
112 932 920
112 932 926
112 932 932
112 932 938
134 940 282
142 940 525
142 940 534
142 942 525
142 943 529
142 945 530
142 946 520
142 947 530
142 948 534
142 950 535
142 951 525
142 953 525
142 954 520
142 955 534
142 956 520
142 958 520
142 958 524
138 940 902
138 940 911
138 946 900
138 946 911
138 952 900
138 952 907
110 960 83
110 960 89
110 960 95
169 960 105
163 960 303
137 963 440
121 960 483
112 960 522
112 960 526
112 960 530
112 960 534
112 960 538
112 963 524
112 963 532
112 966 520
112 966 526
112 966 530
112 966 536
112 969 522
112 969 528
112 969 534
112 972 520
112 972 526
112 972 532
112 972 538
134 962 880
142 980 121
142 980 126
142 980 131
142 980 136
142 982 126
142 982 131
142 982 136
142 984 126
142 984 136
142 986 125
142 986 134
142 987 121
142 988 125
142 988 134
142 989 121
142 990 125
142 990 132
142 991 121
142 991 136
142 992 125
142 993 121
142 993 134
142 994 125
142 995 120
142 995 134
142 996 125
142 997 120
142 997 132
142 998 125
138 980 504
138 985 511
138 986 500
138 991 507
138 992 500
110 980 681
110 980 685
110 980 689
110 980 693
110 980 697
169 980 704
163 980 902
