6600
59 0 0
3 0 30
49 0 50
50 0 70
60 0 160
40 0 270
99 0 280
67 0 290
71 0 300
94 0 360
13 0 380
98 0 390
17 0 470
39 0 530
8 0 540
64 0 570
64 0 573
64 0 576
64 0 579
16 0 590
16 4 590
11 0 620
77 0 660
15 0 760
38 0 840
38 0 844
69 0 890
55 0 910
19 0 970
7 0 990
59 10 0
3 10 30
49 10 50
50 10 70
60 10 160
40 10 270
99 10 280
67 10 290
71 10 300
94 10 360
13 10 380
98 10 390
17 10 470
39 10 530
8 10 540
64 10 570
64 10 573
64 10 576
64 10 579
16 10 590
16 14 590
11 10 620
77 10 660
15 10 760
38 10 840
38 10 844
69 10 890
55 10 910
19 10 970
7 10 990
59 20 0
3 20 30
49 20 50
50 20 70
60 20 160
40 20 270
99 20 280
67 20 290
71 20 300
94 20 360
13 20 380
98 20 390
17 20 470
39 20 530
8 20 540
64 20 570
64 20 573
64 20 576
64 20 579
16 20 590
16 24 590
11 20 620
77 20 660
15 20 760
38 20 840
38 20 844
69 20 890
55 20 910
19 20 970
7 20 990
59 30 0
3 30 30
49 30 50
50 30 70
60 30 160
40 30 270
99 30 280
67 30 290
71 30 300
94 30 360
13 30 380
98 30 390
17 30 470
39 30 530
8 30 540
64 30 570
64 30 573
64 30 576
64 30 579
16 30 590
16 34 590
11 30 620
77 30 660
15 30 760
38 30 840
38 30 844
69 30 890
55 30 910
19 30 970
7 30 990
59 40 0
3 40 30
49 40 50
50 40 70
60 40 160
40 40 270
99 40 280
67 40 290
71 40 300
94 40 360
13 40 380
98 40 390
17 40 470
39 40 530
8 40 540
64 40 570
64 40 573
64 40 576
64 40 579
16 40 590
16 44 590
11 40 620
77 40 660
15 40 760
38 40 840
38 40 844
69 40 890
55 40 910
19 40 970
7 40 990
59 50 0
3 50 30
49 50 50
50 50 70
60 50 160
40 50 270
99 50 280
67 50 290
71 50 300
94 50 360
13 50 380
98 50 390
17 50 470
39 50 530
8 50 540
64 50 570
64 50 573
64 50 576
64 50 579
16 50 590
16 54 590
11 50 620
77 50 660
15 50 760
38 50 840
38 50 844
69 50 890
55 50 910
19 50 970
7 50 990
59 60 0
3 60 30
49 60 50
50 60 70
60 60 160
40 60 270
99 60 280
67 60 290
71 60 300
94 60 360
13 60 380
98 60 390
17 60 470
39 60 530
8 60 540
64 60 570
64 60 573
64 60 576
64 60 579
16 60 590
16 64 590
11 60 620
77 60 660
15 60 760
38 60 840
38 60 844
69 60 890
55 60 910
19 60 970
7 60 990
59 70 0
3 70 30
49 70 50
50 70 70
60 70 160
40 70 270
99 70 280
67 70 290
71 70 300
94 70 360
13 70 380
98 70 390
17 70 470
39 70 530
8 70 540
64 70 570
64 70 573
64 70 576
64 70 579
16 70 590
16 74 590
11 70 620
77 70 660
15 70 760
38 70 840
38 70 844
69 70 890
55 70 910
19 70 970
7 70 990
59 80 0
3 80 30
49 80 50
50 80 70
60 80 160
40 80 270
99 80 280
67 80 290
71 80 300
94 80 360
13 80 380
98 80 390
17 80 470
39 80 530
8 80 540
64 80 570
64 80 573
64 80 576
64 80 579
16 80 590
16 84 590
11 80 620
77 80 660
15 80 760
38 80 840
38 80 844
69 80 890
55 80 910
19 80 970
7 80 990
59 90 0
3 90 30
49 90 50
50 90 70
60 90 160
40 90 270
99 90 280
67 90 290
71 90 300
94 90 360
13 90 380
98 90 390
17 90 470
39 90 530
8 90 540
64 90 570
64 90 573
64 90 576
64 90 579
16 90 590
16 94 590
11 90 620
77 90 660
15 90 760
38 90 840
38 90 844
69 90 890
55 90 910
19 90 970
7 90 990
59 100 0
3 100 30
49 100 50
50 100 70
60 100 160
40 100 270
99 100 280
67 100 290
71 100 300
94 100 360
13 100 380
98 100 390
17 100 470
39 100 530
8 100 540
64 100 570
64 100 573
64 100 576
64 100 579
16 100 590
16 104 590
11 100 620
77 100 660
15 100 760
38 100 840
38 100 844
69 100 890
55 100 910
19 100 970
7 100 990
59 110 0
3 110 30
49 110 50
50 110 70
60 110 160
40 110 270
99 110 280
67 110 290
71 110 300
94 110 360
13 110 380
98 110 390
17 110 470
39 110 530
8 110 540
64 110 570
64 110 573
64 110 576
64 110 579
16 110 590
16 114 590
11 110 620
77 110 660
15 110 760
38 110 840
38 110 844
69 110 890
55 110 910
19 110 970
7 110 990
59 120 0
3 120 30
49 120 50
50 120 70
60 120 160
40 120 270
99 120 280
67 120 290
71 120 300
94 120 360
13 120 380
98 120 390
17 120 470
39 120 530
8 120 540
64 120 570
64 120 573
64 120 576
64 120 579
16 120 590
16 124 590
11 120 620
77 120 660
15 120 760
38 120 840
38 120 844
69 120 890
55 120 910
19 120 970
7 120 990
59 130 0
3 130 30
49 130 50
50 130 70
60 130 160
40 130 270
99 130 280
67 130 290
71 130 300
94 130 360
13 130 380
98 130 390
17 130 470
39 130 530
8 130 540
64 130 570
64 130 573
64 130 576
64 130 579
16 130 590
16 134 590
11 130 620
77 130 660
15 130 760
38 130 840
38 130 844
69 130 890
55 130 910
19 130 970
7 130 990
59 140 0
3 140 30
49 140 50
50 140 70
60 140 160
40 140 270
99 140 280
67 140 290
71 140 300
94 140 360
13 140 380
98 140 390
17 140 470
39 140 530
8 140 540
64 140 570
64 140 573
64 140 576
64 140 579
16 140 590
16 144 590
11 140 620
77 140 660
15 140 760
38 140 840
38 140 844
69 140 890
55 140 910
19 140 970
7 140 990
59 150 0
3 150 30
49 150 50
50 150 70
60 150 160
40 150 270
99 150 280
67 150 290
71 150 300
94 150 360
13 150 380
98 150 390
17 150 470
39 150 530
8 150 540
64 150 570
64 150 573
64 150 576
64 150 579
16 150 590
16 154 590
11 150 620
77 150 660
15 150 760
38 150 840
38 150 844
69 150 890
55 150 910
19 150 970
7 150 990
59 160 0
3 160 30
49 160 50
50 160 70
60 160 160
40 160 270
99 160 280
67 160 290
71 160 300
94 160 360
13 160 380
98 160 390
17 160 470
39 160 530
8 160 540
64 160 570
64 160 573
64 160 576
64 160 579
16 160 590
16 164 590
11 160 620
77 160 660
15 160 760
38 160 840
38 160 844
69 160 890
55 160 910
19 160 970
7 160 990
59 170 0
3 170 30
49 170 50
50 170 70
60 170 160
40 170 270
99 170 280
67 170 290
71 170 300
94 170 360
13 170 380
98 170 390
17 170 470
39 170 530
8 170 540
64 170 570
64 170 573
64 170 576
64 170 579
16 170 590
16 174 590
11 170 620
77 170 660
15 170 760
38 170 840
38 170 844
69 170 890
55 170 910
19 170 970
7 170 990
59 180 0
3 180 30
49 180 50
50 180 70
60 180 160
40 180 270
99 180 280
67 180 290
71 180 300
94 180 360
13 180 380
98 180 390
17 180 470
39 180 530
8 180 540
64 180 570
64 180 573
64 180 576
64 180 579
16 180 590
16 184 590
11 180 620
77 180 660
15 180 760
38 180 840
38 180 844
69 180 890
55 180 910
19 180 970
7 180 990
59 190 0
3 190 30
49 190 50
50 190 70
60 190 160
40 190 270
99 190 280
67 190 290
71 190 300
94 190 360
13 190 380
98 190 390
17 190 470
39 190 530
8 190 540
64 190 570
64 190 573
64 190 576
64 190 579
16 190 590
16 194 590
11 190 620
77 190 660
15 190 760
38 190 840
38 190 844
69 190 890
55 190 910
19 190 970
7 190 990
59 200 0
3 200 30
49 200 50
50 200 70
60 200 160
40 200 270
99 200 280
67 200 290
71 200 300
94 200 360
13 200 380
98 200 390
17 200 470
39 200 530
8 200 540
64 200 570
64 200 573
64 200 576
64 200 579
16 200 590
16 204 590
11 200 620
77 200 660
15 200 760
38 200 840
38 200 844
69 200 890
55 200 910
19 200 970
7 200 990
59 210 0
3 210 30
49 210 50
50 210 70
60 210 160
40 210 270
99 210 280
67 210 290
71 210 300
94 210 360
13 210 380
98 210 390
17 210 470
39 210 530
8 210 540
64 210 570
64 210 573
64 210 576
64 210 579
16 210 590
16 214 590
11 210 620
77 210 660
15 210 760
38 210 840
38 210 844
69 210 890
55 210 910
19 210 970
7 210 990
59 220 0
3 220 30
49 220 50
50 220 70
60 220 160
40 220 270
99 220 280
67 220 290
71 220 300
94 220 360
13 220 380
98 220 390
17 220 470
39 220 530
8 220 540
64 220 570
64 220 573
64 220 576
64 220 579
16 220 590
16 224 590
11 220 620
77 220 660
15 220 760
38 220 840
38 220 844
69 220 890
55 220 910
19 220 970
7 220 990
59 230 0
3 230 30
49 230 50
50 230 70
60 230 160
40 230 270
99 230 280
67 230 290
71 230 300
94 230 360
13 230 380
98 230 390
17 230 470
39 230 530
8 230 540
64 230 570
64 230 573
64 230 576
64 230 579
16 230 590
16 234 590
11 230 620
77 230 660
15 230 760
38 230 840
38 230 844
69 230 890
55 230 910
19 230 970
7 230 990
59 240 0
3 240 30
49 240 50
50 240 70
60 240 160
40 240 270
99 240 280
67 240 290
71 240 300
94 240 360
13 240 380
98 240 390
17 240 470
39 240 530
8 240 540
64 240 570
64 240 573
64 240 576
64 240 579
16 240 590
16 244 590
11 240 620
77 240 660
15 240 760
38 240 840
38 240 844
69 240 890
55 240 910
19 240 970
7 240 990
59 250 0
3 250 30
49 250 50
50 250 70
60 250 160
40 250 270
99 250 280
67 250 290
71 250 300
94 250 360
13 250 380
98 250 390
17 250 470
39 250 530
8 250 540
64 250 570
64 250 573
64 250 576
64 250 579
16 250 590
16 254 590
11 250 620
77 250 660
15 250 760
38 250 840
38 250 844
69 250 890
55 250 910
19 250 970
7 250 990
59 260 0
3 260 30
49 260 50
50 260 70
60 260 160
40 260 270
99 260 280
67 260 290
71 260 300
94 260 360
13 260 380
98 260 390
17 260 470
39 260 530
8 260 540
64 260 570
64 260 573
64 260 576
64 260 579
16 260 590
16 264 590
11 260 620
77 260 660
15 260 760
38 260 840
38 260 844
69 260 890
55 260 910
19 260 970
7 260 990
59 270 0
3 270 30
49 270 50
50 270 70
60 270 160
40 270 270
99 270 280
67 270 290
71 270 300
94 270 360
13 270 380
98 270 390
17 270 470
39 270 530
8 270 540
64 270 570
64 270 573
64 270 576
64 270 579
16 270 590
16 274 590
11 270 620
77 270 660
15 270 760
38 270 840
38 270 844
69 270 890
55 270 910
19 270 970
7 270 990
59 280 0
3 280 30
49 280 50
50 280 70
60 280 160
40 280 270
99 280 280
67 280 290
71 280 300
94 280 360
13 280 380
98 280 390
17 280 470
39 280 530
8 280 540
64 280 570
64 280 573
64 280 576
64 280 579
16 280 590
16 284 590
11 280 620
77 280 660
15 280 760
38 280 840
38 280 844
69 280 890
55 280 910
19 280 970
7 280 990
59 290 0
3 290 30
49 290 50
50 290 70
60 290 160
40 290 270
99 290 280
67 290 290
71 290 300
94 290 360
13 290 380
98 290 390
17 290 470
39 290 530
8 290 540
64 290 570
64 290 573
64 290 576
64 290 579
16 290 590
16 294 590
11 290 620
77 290 660
15 290 760
38 290 840
38 290 844
69 290 890
55 290 910
19 290 970
7 290 990
59 300 0
3 300 30
49 300 50
50 300 70
60 300 160
40 300 270
99 300 280
67 300 290
71 300 300
94 300 360
13 300 380
98 300 390
17 300 470
39 300 530
8 300 540
64 300 570
64 300 573
64 300 576
64 300 579
16 300 590
16 304 590
11 300 620
77 300 660
15 300 760
38 300 840
38 300 844
69 300 890
55 300 910
19 300 970
7 300 990
59 310 0
3 310 30
49 310 50
50 310 70
60 310 160
40 310 270
99 310 280
67 310 290
71 310 300
94 310 360
13 310 380
98 310 390
17 310 470
39 310 530
8 310 540
64 310 570
64 310 573
64 310 576
64 310 579
16 310 590
16 314 590
11 310 620
77 310 660
15 310 760
38 310 840
38 310 844
69 310 890
55 310 910
19 310 970
7 310 990
59 320 0
3 320 30
49 320 50
50 320 70
60 320 160
40 320 270
99 320 280
67 320 290
71 320 300
94 320 360
13 320 380
98 320 390
17 320 470
39 320 530
8 320 540
64 320 570
64 320 573
64 320 576
64 320 579
16 320 590
16 324 590
11 320 620
77 320 660
15 320 760
38 320 840
38 320 844
69 320 890
55 320 910
19 320 970
7 320 990
59 330 0
3 330 30
49 330 50
50 330 70
60 330 160
40 330 270
99 330 280
67 330 290
71 330 300
94 330 360
13 330 380
98 330 390
17 330 470
39 330 530
8 330 540
64 330 570
64 330 573
64 330 576
64 330 579
16 330 590
16 334 590
11 330 620
77 330 660
15 330 760
38 330 840
38 330 844
69 330 890
55 330 910
19 330 970
7 330 990
59 340 0
3 340 30
49 340 50
50 340 70
60 340 160
40 340 270
99 340 280
67 340 290
71 340 300
94 340 360
13 340 380
98 340 390
17 340 470
39 340 530
8 340 540
64 340 570
64 340 573
64 340 576
64 340 579
16 340 590
16 344 590
11 340 620
77 340 660
15 340 760
38 340 840
38 340 844
69 340 890
55 340 910
19 340 970
7 340 990
59 350 0
3 350 30
49 350 50
50 350 70
60 350 160
40 350 270
99 350 280
67 350 290
71 350 300
94 350 360
13 350 380
98 350 390
17 350 470
39 350 530
8 350 540
64 350 570
64 350 573
64 350 576
64 350 579
16 350 590
16 354 590
11 350 620
77 350 660
15 350 760
38 350 840
38 350 844
69 350 890
55 350 910
19 350 970
7 350 990
59 360 0
3 360 30
49 360 50
50 360 70
60 360 160
40 360 270
99 360 280
67 360 290
71 360 300
94 360 360
13 360 380
98 360 390
17 360 470
39 360 530
8 360 540
64 360 570
64 360 573
64 360 576
64 360 579
16 360 590
16 364 590
11 360 620
77 360 660
15 360 760
38 360 840
38 360 844
69 360 890
55 360 910
19 360 970
7 360 990
59 370 0
3 370 30
49 370 50
50 370 70
60 370 160
40 370 270
99 370 280
67 370 290
71 370 300
94 370 360
13 370 380
98 370 390
17 370 470
39 370 530
8 370 540
64 370 570
64 370 573
64 370 576
64 370 579
16 370 590
16 374 590
11 370 620
77 370 660
15 370 760
38 370 840
38 370 844
69 370 890
55 370 910
19 370 970
7 370 990
59 380 0
3 380 30
49 380 50
50 380 70
60 380 160
40 380 270
99 380 280
67 380 290
71 380 300
94 380 360
13 380 380
98 380 390
17 380 470
39 380 530
8 380 540
64 380 570
64 380 573
64 380 576
64 380 579
16 380 590
16 384 590
11 380 620
77 380 660
15 380 760
38 380 840
38 380 844
69 380 890
55 380 910
19 380 970
7 380 990
59 390 0
3 390 30
49 390 50
50 390 70
60 390 160
40 390 270
99 390 280
67 390 290
71 390 300
94 390 360
13 390 380
98 390 390
17 390 470
39 390 530
8 390 540
64 390 570
64 390 573
64 390 576
64 390 579
16 390 590
16 394 590
11 390 620
77 390 660
15 390 760
38 390 840
38 390 844
69 390 890
55 390 910
19 390 970
7 390 990
59 400 0
3 400 30
49 400 50
50 400 70
60 400 160
40 400 270
99 400 280
67 400 290
71 400 300
94 400 360
13 400 380
98 400 390
17 400 470
39 400 530
8 400 540
64 400 570
64 400 573
64 400 576
64 400 579
16 400 590
16 404 590
11 400 620
77 400 660
15 400 760
38 400 840
38 400 844
69 400 890
55 400 910
19 400 970
7 400 990
59 410 0
3 410 30
49 410 50
50 410 70
60 410 160
40 410 270
99 410 280
67 410 290
71 410 300
94 410 360
13 410 380
98 410 390
17 410 470
39 410 530
8 410 540
64 410 570
64 410 573
64 410 576
64 410 579
16 410 590
16 414 590
11 410 620
77 410 660
15 410 760
38 410 840
38 410 844
69 410 890
55 410 910
19 410 970
7 410 990
59 420 0
3 420 30
49 420 50
50 420 70
60 420 160
40 420 270
99 420 280
67 420 290
71 420 300
94 420 360
13 420 380
98 420 390
17 420 470
39 420 530
8 420 540
64 420 570
64 420 573
64 420 576
64 420 579
16 420 590
16 424 590
11 420 620
77 420 660
15 420 760
38 420 840
38 420 844
69 420 890
55 420 910
19 420 970
7 420 990
59 430 0
3 430 30
49 430 50
50 430 70
60 430 160
40 430 270
99 430 280
67 430 290
71 430 300
94 430 360
13 430 380
98 430 390
17 430 470
39 430 530
8 430 540
64 430 570
64 430 573
64 430 576
64 430 579
16 430 590
16 434 590
11 430 620
77 430 660
15 430 760
38 430 840
38 430 844
69 430 890
55 430 910
19 430 970
7 430 990
59 440 0
3 440 30
49 440 50
50 440 70
60 440 160
40 440 270
99 440 280
67 440 290
71 440 300
94 440 360
13 440 380
98 440 390
17 440 470
39 440 530
8 440 540
64 440 570
64 440 573
64 440 576
64 440 579
16 440 590
16 444 590
11 440 620
77 440 660
15 440 760
38 440 840
38 440 844
69 440 890
55 440 910
19 440 970
7 440 990
59 450 0
3 450 30
49 450 50
50 450 70
60 450 160
40 450 270
99 450 280
67 450 290
71 450 300
94 450 360
13 450 380
98 450 390
17 450 470
39 450 530
8 450 540
64 450 570
64 450 573
64 450 576
64 450 579
16 450 590
16 454 590
11 450 620
77 450 660
15 450 760
38 450 840
38 450 844
69 450 890
55 450 910
19 450 970
7 450 990
59 460 0
3 460 30
49 460 50
50 460 70
60 460 160
40 460 270
99 460 280
67 460 290
71 460 300
94 460 360
13 460 380
98 460 390
17 460 470
39 460 530
8 460 540
64 460 570
64 460 573
64 460 576
64 460 579
16 460 590
16 464 590
11 460 620
77 460 660
15 460 760
38 460 840
38 460 844
69 460 890
55 460 910
19 460 970
7 460 990
59 470 0
3 470 30
49 470 50
50 470 70
60 470 160
40 470 270
99 470 280
67 470 290
71 470 300
94 470 360
13 470 380
98 470 390
17 470 470
39 470 530
8 470 540
64 470 570
64 470 573
64 470 576
64 470 579
16 470 590
16 474 590
11 470 620
77 470 660
15 470 760
38 470 840
38 470 844
69 470 890
55 470 910
19 470 970
7 470 990
59 480 0
3 480 30
49 480 50
50 480 70
60 480 160
40 480 270
99 480 280
67 480 290
71 480 300
94 480 360
13 480 380
98 480 390
17 480 470
39 480 530
8 480 540
64 480 570
64 480 573
64 480 576
64 480 579
16 480 590
16 484 590
11 480 620
77 480 660
15 480 760
38 480 840
38 480 844
69 480 890
55 480 910
19 480 970
7 480 990
59 490 0
3 490 30
49 490 50
50 490 70
60 490 160
40 490 270
99 490 280
67 490 290
71 490 300
94 490 360
13 490 380
98 490 390
17 490 470
39 490 530
8 490 540
64 490 570
64 490 573
64 490 576
64 490 579
16 490 590
16 494 590
11 490 620
77 490 660
15 490 760
38 490 840
38 490 844
69 490 890
55 490 910
19 490 970
7 490 990
59 500 0
3 500 30
49 500 50
50 500 70
60 500 160
40 500 270
99 500 280
67 500 290
71 500 300
94 500 360
13 500 380
98 500 390
17 500 470
39 500 530
8 500 540
64 500 570
64 500 573
64 500 576
64 500 579
16 500 590
16 504 590
11 500 620
77 500 660
15 500 760
38 500 840
38 500 844
69 500 890
55 500 910
19 500 970
7 500 990
59 510 0
3 510 30
49 510 50
50 510 70
60 510 160
40 510 270
99 510 280
67 510 290
71 510 300
94 510 360
13 510 380
98 510 390
17 510 470
39 510 530
8 510 540
64 510 570
64 510 573
64 510 576
64 510 579
16 510 590
16 514 590
11 510 620
77 510 660
15 510 760
38 510 840
38 510 844
69 510 890
55 510 910
19 510 970
7 510 990
59 520 0
3 520 30
49 520 50
50 520 70
60 520 160
40 520 270
99 520 280
67 520 290
71 520 300
94 520 360
13 520 380
98 520 390
17 520 470
39 520 530
8 520 540
64 520 570
64 520 573
64 520 576
64 520 579
16 520 590
16 524 590
11 520 620
77 520 660
15 520 760
38 520 840
38 520 844
69 520 890
55 520 910
19 520 970
7 520 990
59 530 0
3 530 30
49 530 50
50 530 70
60 530 160
40 530 270
99 530 280
67 530 290
71 530 300
94 530 360
13 530 380
98 530 390
17 530 470
39 530 530
8 530 540
64 530 570
64 530 573
64 530 576
64 530 579
16 530 590
16 534 590
11 530 620
77 530 660
15 530 760
38 530 840
38 530 844
69 530 890
55 530 910
19 530 970
7 530 990
59 540 0
3 540 30
49 540 50
50 540 70
60 540 160
40 540 270
99 540 280
67 540 290
71 540 300
94 540 360
13 540 380
98 540 390
17 540 470
39 540 530
8 540 540
64 540 570
64 540 573
64 540 576
64 540 579
16 540 590
16 544 590
11 540 620
77 540 660
15 540 760
38 540 840
38 540 844
69 540 890
55 540 910
19 540 970
7 540 990
59 550 0
3 550 30
49 550 50
50 550 70
60 550 160
40 550 270
99 550 280
67 550 290
71 550 300
94 550 360
13 550 380
98 550 390
17 550 470
39 550 530
8 550 540
64 550 570
64 550 573
64 550 576
64 550 579
16 550 590
16 554 590
11 550 620
77 550 660
15 550 760
38 550 840
38 550 844
69 550 890
55 550 910
19 550 970
7 550 990
59 560 0
3 560 30
49 560 50
50 560 70
60 560 160
40 560 270
99 560 280
67 560 290
71 560 300
94 560 360
13 560 380
98 560 390
17 560 470
39 560 530
8 560 540
64 560 570
64 560 573
64 560 576
64 560 579
16 560 590
16 564 590
11 560 620
77 560 660
15 560 760
38 560 840
38 560 844
69 560 890
55 560 910
19 560 970
7 560 990
59 570 0
3 570 30
49 570 50
50 570 70
60 570 160
40 570 270
99 570 280
67 570 290
71 570 300
94 570 360
13 570 380
98 570 390
17 570 470
39 570 530
8 570 540
64 570 570
64 570 573
64 570 576
64 570 579
16 570 590
16 574 590
11 570 620
77 570 660
15 570 760
38 570 840
38 570 844
69 570 890
55 570 910
19 570 970
7 570 990
59 580 0
3 580 30
49 580 50
50 580 70
60 580 160
40 580 270
99 580 280
67 580 290
71 580 300
94 580 360
13 580 380
98 580 390
17 580 470
39 580 530
8 580 540
64 580 570
64 580 573
64 580 576
64 580 579
16 580 590
16 584 590
11 580 620
77 580 660
15 580 760
38 580 840
38 580 844
69 580 890
55 580 910
19 580 970
7 580 990
59 590 0
3 590 30
49 590 50
50 590 70
60 590 160
40 590 270
99 590 280
67 590 290
71 590 300
94 590 360
13 590 380
98 590 390
17 590 470
39 590 530
8 590 540
64 590 570
64 590 573
64 590 576
64 590 579
16 590 590
16 594 590
11 590 620
77 590 660
15 590 760
38 590 840
38 590 844
69 590 890
55 590 910
19 590 970
7 590 990
59 600 0
3 600 30
49 600 50
50 600 70
60 600 160
40 600 270
99 600 280
67 600 290
71 600 300
94 600 360
13 600 380
98 600 390
17 600 470
39 600 530
8 600 540
64 600 570
64 600 573
64 600 576
64 600 579
16 600 590
16 604 590
11 600 620
77 600 660
15 600 760
38 600 840
38 600 844
69 600 890
55 600 910
19 600 970
7 600 990
59 610 0
3 610 30
49 610 50
50 610 70
60 610 160
40 610 270
99 610 280
67 610 290
71 610 300
94 610 360
13 610 380
98 610 390
17 610 470
39 610 530
8 610 540
64 610 570
64 610 573
64 610 576
64 610 579
16 610 590
16 614 590
11 610 620
77 610 660
15 610 760
38 610 840
38 610 844
69 610 890
55 610 910
19 610 970
7 610 990
59 620 0
3 620 30
49 620 50
50 620 70
60 620 160
40 620 270
99 620 280
67 620 290
71 620 300
94 620 360
13 620 380
98 620 390
17 620 470
39 620 530
8 620 540
64 620 570
64 620 573
64 620 576
64 620 579
16 620 590
16 624 590
11 620 620
77 620 660
15 620 760
38 620 840
38 620 844
69 620 890
55 620 910
19 620 970
7 620 990
59 630 0
3 630 30
49 630 50
50 630 70
60 630 160
40 630 270
99 630 280
67 630 290
71 630 300
94 630 360
13 630 380
98 630 390
17 630 470
39 630 530
8 630 540
64 630 570
64 630 573
64 630 576
64 630 579
16 630 590
16 634 590
11 630 620
77 630 660
15 630 760
38 630 840
38 630 844
69 630 890
55 630 910
19 630 970
7 630 990
59 640 0
3 640 30
49 640 50
50 640 70
60 640 160
40 640 270
99 640 280
67 640 290
71 640 300
94 640 360
13 640 380
98 640 390
17 640 470
39 640 530
8 640 540
64 640 570
64 640 573
64 640 576
64 640 579
16 640 590
16 644 590
11 640 620
77 640 660
15 640 760
38 640 840
38 640 844
69 640 890
55 640 910
19 640 970
7 640 990
59 650 0
3 650 30
49 650 50
50 650 70
60 650 160
40 650 270
99 650 280
67 650 290
71 650 300
94 650 360
13 650 380
98 650 390
17 650 470
39 650 530
8 650 540
64 650 570
64 650 573
64 650 576
64 650 579
16 650 590
16 654 590
11 650 620
77 650 660
15 650 760
38 650 840
38 650 844
69 650 890
55 650 910
19 650 970
7 650 990
59 660 0
3 660 30
49 660 50
50 660 70
60 660 160
40 660 270
99 660 280
67 660 290
71 660 300
94 660 360
13 660 380
98 660 390
17 660 470
39 660 530
8 660 540
64 660 570
64 660 573
64 660 576
64 660 579
16 660 590
16 664 590
11 660 620
77 660 660
15 660 760
38 660 840
38 660 844
69 660 890
55 660 910
19 660 970
7 660 990
59 670 0
3 670 30
49 670 50
50 670 70
60 670 160
40 670 270
99 670 280
67 670 290
71 670 300
94 670 360
13 670 380
98 670 390
17 670 470
39 670 530
8 670 540
64 670 570
64 670 573
64 670 576
64 670 579
16 670 590
16 674 590
11 670 620
77 670 660
15 670 760
38 670 840
38 670 844
69 670 890
55 670 910
19 670 970
7 670 990
59 680 0
3 680 30
49 680 50
50 680 70
60 680 160
40 680 270
99 680 280
67 680 290
71 680 300
94 680 360
13 680 380
98 680 390
17 680 470
39 680 530
8 680 540
64 680 570
64 680 573
64 680 576
64 680 579
16 680 590
16 684 590
11 680 620
77 680 660
15 680 760
38 680 840
38 680 844
69 680 890
55 680 910
19 680 970
7 680 990
59 690 0
3 690 30
49 690 50
50 690 70
60 690 160
40 690 270
99 690 280
67 690 290
71 690 300
94 690 360
13 690 380
98 690 390
17 690 470
39 690 530
8 690 540
64 690 570
64 690 573
64 690 576
64 690 579
16 690 590
16 694 590
11 690 620
77 690 660
15 690 760
38 690 840
38 690 844
69 690 890
55 690 910
19 690 970
7 690 990
59 700 0
3 700 30
49 700 50
50 700 70
60 700 160
40 700 270
99 700 280
67 700 290
71 700 300
94 700 360
13 700 380
98 700 390
17 700 470
39 700 530
8 700 540
64 700 570
64 700 573
64 700 576
64 700 579
16 700 590
16 704 590
11 700 620
77 700 660
15 700 760
38 700 840
38 700 844
69 700 890
55 700 910
19 700 970
7 700 990
59 710 0
3 710 30
49 710 50
50 710 70
60 710 160
40 710 270
99 710 280
67 710 290
71 710 300
94 710 360
13 710 380
98 710 390
17 710 470
39 710 530
8 710 540
64 710 570
64 710 573
64 710 576
64 710 579
16 710 590
16 714 590
11 710 620
77 710 660
15 710 760
38 710 840
38 710 844
69 710 890
55 710 910
19 710 970
7 710 990
59 720 0
3 720 30
49 720 50
50 720 70
60 720 160
40 720 270
99 720 280
67 720 290
71 720 300
94 720 360
13 720 380
98 720 390
17 720 470
39 720 530
8 720 540
64 720 570
64 720 573
64 720 576
64 720 579
16 720 590
16 724 590
11 720 620
77 720 660
15 720 760
38 720 840
38 720 844
69 720 890
55 720 910
19 720 970
7 720 990
59 730 0
3 730 30
49 730 50
50 730 70
60 730 160
40 730 270
99 730 280
67 730 290
71 730 300
94 730 360
13 730 380
98 730 390
17 730 470
39 730 530
8 730 540
64 730 570
64 730 573
64 730 576
64 730 579
16 730 590
16 734 590
11 730 620
77 730 660
15 730 760
38 730 840
38 730 844
69 730 890
55 730 910
19 730 970
7 730 990
59 740 0
3 740 30
49 740 50
50 740 70
60 740 160
40 740 270
99 740 280
67 740 290
71 740 300
94 740 360
13 740 380
98 740 390
17 740 470
39 740 530
8 740 540
64 740 570
64 740 573
64 740 576
64 740 579
16 740 590
16 744 590
11 740 620
77 740 660
15 740 760
38 740 840
38 740 844
69 740 890
55 740 910
19 740 970
7 740 990
59 750 0
3 750 30
49 750 50
50 750 70
60 750 160
40 750 270
99 750 280
67 750 290
71 750 300
94 750 360
13 750 380
98 750 390
17 750 470
39 750 530
8 750 540
64 750 570
64 750 573
64 750 576
64 750 579
16 750 590
16 754 590
11 750 620
77 750 660
15 750 760
38 750 840
38 750 844
69 750 890
55 750 910
19 750 970
7 750 990
59 760 0
3 760 30
49 760 50
50 760 70
60 760 160
40 760 270
99 760 280
67 760 290
71 760 300
94 760 360
13 760 380
98 760 390
17 760 470
39 760 530
8 760 540
64 760 570
64 760 573
64 760 576
64 760 579
16 760 590
16 764 590
11 760 620
77 760 660
15 760 760
38 760 840
38 760 844
69 760 890
55 760 910
19 760 970
7 760 990
59 770 0
3 770 30
49 770 50
50 770 70
60 770 160
40 770 270
99 770 280
67 770 290
71 770 300
94 770 360
13 770 380
98 770 390
17 770 470
39 770 530
8 770 540
64 770 570
64 770 573
64 770 576
64 770 579
16 770 590
16 774 590
11 770 620
77 770 660
15 770 760
38 770 840
38 770 844
69 770 890
55 770 910
19 770 970
7 770 990
59 780 0
3 780 30
49 780 50
50 780 70
60 780 160
40 780 270
99 780 280
67 780 290
71 780 300
94 780 360
13 780 380
98 780 390
17 780 470
39 780 530
8 780 540
64 780 570
64 780 573
64 780 576
64 780 579
16 780 590
16 784 590
11 780 620
77 780 660
15 780 760
38 780 840
38 780 844
69 780 890
55 780 910
19 780 970
7 780 990
59 790 0
3 790 30
49 790 50
50 790 70
60 790 160
40 790 270
99 790 280
67 790 290
71 790 300
94 790 360
13 790 380
98 790 390
17 790 470
39 790 530
8 790 540
64 790 570
64 790 573
64 790 576
64 790 579
16 790 590
16 794 590
11 790 620
77 790 660
15 790 760
38 790 840
38 790 844
69 790 890
55 790 910
19 790 970
7 790 990
59 800 0
3 800 30
49 800 50
50 800 70
60 800 160
40 800 270
99 800 280
67 800 290
71 800 300
94 800 360
13 800 380
98 800 390
17 800 470
39 800 530
8 800 540
64 800 570
64 800 573
64 800 576
64 800 579
16 800 590
16 804 590
11 800 620
77 800 660
15 800 760
38 800 840
38 800 844
69 800 890
55 800 910
19 800 970
7 800 990
59 810 0
3 810 30
49 810 50
50 810 70
60 810 160
40 810 270
99 810 280
67 810 290
71 810 300
94 810 360
13 810 380
98 810 390
17 810 470
39 810 530
8 810 540
64 810 570
64 810 573
64 810 576
64 810 579
16 810 590
16 814 590
11 810 620
77 810 660
15 810 760
38 810 840
38 810 844
69 810 890
55 810 910
19 810 970
7 810 990
59 820 0
3 820 30
49 820 50
50 820 70
60 820 160
40 820 270
99 820 280
67 820 290
71 820 300
94 820 360
13 820 380
98 820 390
17 820 470
39 820 530
8 820 540
64 820 570
64 820 573
64 820 576
64 820 579
16 820 590
16 824 590
11 820 620
77 820 660
15 820 760
38 820 840
38 820 844
69 820 890
55 820 910
19 820 970
7 820 990
59 830 0
3 830 30
49 830 50
50 830 70
60 830 160
40 830 270
99 830 280
67 830 290
71 830 300
94 830 360
13 830 380
98 830 390
17 830 470
39 830 530
8 830 540
64 830 570
64 830 573
64 830 576
64 830 579
16 830 590
16 834 590
11 830 620
77 830 660
15 830 760
38 830 840
38 830 844
69 830 890
55 830 910
19 830 970
7 830 990
59 840 0
3 840 30
49 840 50
50 840 70
60 840 160
40 840 270
99 840 280
67 840 290
71 840 300
94 840 360
13 840 380
98 840 390
17 840 470
39 840 530
8 840 540
64 840 570
64 840 573
64 840 576
64 840 579
16 840 590
16 844 590
11 840 620
77 840 660
15 840 760
38 840 840
38 840 844
69 840 890
55 840 910
19 840 970
7 840 990
59 850 0
3 850 30
49 850 50
50 850 70
60 850 160
40 850 270
99 850 280
67 850 290
71 850 300
94 850 360
13 850 380
98 850 390
17 850 470
39 850 530
8 850 540
64 850 570
64 850 573
64 850 576
64 850 579
16 850 590
16 854 590
11 850 620
77 850 660
15 850 760
38 850 840
38 850 844
69 850 890
55 850 910
19 850 970
7 850 990
59 860 0
3 860 30
49 860 50
50 860 70
60 860 160
40 860 270
99 860 280
67 860 290
71 860 300
94 860 360
13 860 380
98 860 390
17 860 470
39 860 530
8 860 540
64 860 570
64 860 573
64 860 576
64 860 579
16 860 590
16 864 590
11 860 620
77 860 660
15 860 760
38 860 840
38 860 844
69 860 890
55 860 910
19 860 970
7 860 990
59 870 0
3 870 30
49 870 50
50 870 70
60 870 160
40 870 270
99 870 280
67 870 290
71 870 300
94 870 360
13 870 380
98 870 390
17 870 470
39 870 530
8 870 540
64 870 570
64 870 573
64 870 576
64 870 579
16 870 590
16 874 590
11 870 620
77 870 660
15 870 760
38 870 840
38 870 844
69 870 890
55 870 910
19 870 970
7 870 990
59 880 0
3 880 30
49 880 50
50 880 70
60 880 160
40 880 270
99 880 280
67 880 290
71 880 300
94 880 360
13 880 380
98 880 390
17 880 470
39 880 530
8 880 540
64 880 570
64 880 573
64 880 576
64 880 579
16 880 590
16 884 590
11 880 620
77 880 660
15 880 760
38 880 840
38 880 844
69 880 890
55 880 910
19 880 970
7 880 990
59 890 0
3 890 30
49 890 50
50 890 70
60 890 160
40 890 270
99 890 280
67 890 290
71 890 300
94 890 360
13 890 380
98 890 390
17 890 470
39 890 530
8 890 540
64 890 570
64 890 573
64 890 576
64 890 579
16 890 590
16 894 590
11 890 620
77 890 660
15 890 760
38 890 840
38 890 844
69 890 890
55 890 910
19 890 970
7 890 990
59 900 0
3 900 30
49 900 50
50 900 70
60 900 160
40 900 270
99 900 280
67 900 290
71 900 300
94 900 360
13 900 380
98 900 390
17 900 470
39 900 530
8 900 540
64 900 570
64 900 573
64 900 576
64 900 579
16 900 590
16 904 590
11 900 620
77 900 660
15 900 760
38 900 840
38 900 844
69 900 890
55 900 910
19 900 970
7 900 990
59 910 0
3 910 30
49 910 50
50 910 70
60 910 160
40 910 270
99 910 280
67 910 290
71 910 300
94 910 360
13 910 380
98 910 390
17 910 470
39 910 530
8 910 540
64 910 570
64 910 573
64 910 576
64 910 579
16 910 590
16 914 590
11 910 620
77 910 660
15 910 760
38 910 840
38 910 844
69 910 890
55 910 910
19 910 970
7 910 990
59 920 0
3 920 30
49 920 50
50 920 70
60 920 160
40 920 270
99 920 280
67 920 290
71 920 300
94 920 360
13 920 380
98 920 390
17 920 470
39 920 530
8 920 540
64 920 570
64 920 573
64 920 576
64 920 579
16 920 590
16 924 590
11 920 620
77 920 660
15 920 760
38 920 840
38 920 844
69 920 890
55 920 910
19 920 970
7 920 990
59 930 0
3 930 30
49 930 50
50 930 70
60 930 160
40 930 270
99 930 280
67 930 290
71 930 300
94 930 360
13 930 380
98 930 390
17 930 470
39 930 530
8 930 540
64 930 570
64 930 573
64 930 576
64 930 579
16 930 590
16 934 590
11 930 620
77 930 660
15 930 760
38 930 840
38 930 844
69 930 890
55 930 910
19 930 970
7 930 990
59 940 0
3 940 30
49 940 50
50 940 70
60 940 160
40 940 270
99 940 280
67 940 290
71 940 300
94 940 360
13 940 380
98 940 390
17 940 470
39 940 530
8 940 540
64 940 570
64 940 573
64 940 576
64 940 579
16 940 590
16 944 590
11 940 620
77 940 660
15 940 760
38 940 840
38 940 844
69 940 890
55 940 910
19 940 970
7 940 990
59 950 0
3 950 30
49 950 50
50 950 70
60 950 160
40 950 270
99 950 280
67 950 290
71 950 300
94 950 360
13 950 380
98 950 390
17 950 470
39 950 530
8 950 540
64 950 570
64 950 573
64 950 576
64 950 579
16 950 590
16 954 590
11 950 620
77 950 660
15 950 760
38 950 840
38 950 844
69 950 890
55 950 910
19 950 970
7 950 990
59 960 0
3 960 30
49 960 50
50 960 70
60 960 160
40 960 270
99 960 280
67 960 290
71 960 300
94 960 360
13 960 380
98 960 390
17 960 470
39 960 530
8 960 540
64 960 570
64 960 573
64 960 576
64 960 579
16 960 590
16 964 590
11 960 620
77 960 660
15 960 760
38 960 840
38 960 844
69 960 890
55 960 910
19 960 970
7 960 990
59 970 0
3 970 30
49 970 50
50 970 70
60 970 160
40 970 270
99 970 280
67 970 290
71 970 300
94 970 360
13 970 380
98 970 390
17 970 470
39 970 530
8 970 540
64 970 570
64 970 573
64 970 576
64 970 579
16 970 590
16 974 590
11 970 620
77 970 660
15 970 760
38 970 840
38 970 844
69 970 890
55 970 910
19 970 970
7 970 990
59 980 0
3 980 30
49 980 50
50 980 70
60 980 160
40 980 270
99 980 280
67 980 290
71 980 300
94 980 360
13 980 380
98 980 390
17 980 470
39 980 530
8 980 540
64 980 570
64 980 573
64 980 576
64 980 579
16 980 590
16 984 590
11 980 620
77 980 660
15 980 760
38 980 840
38 980 844
69 980 890
55 980 910
19 980 970
7 980 990
59 990 0
3 990 30
49 990 50
50 990 70
60 990 160
40 990 270
99 990 280
67 990 290
71 990 300
94 990 360
13 990 380
98 990 390
17 990 470
39 990 530
8 990 540
64 990 570
64 990 573
64 990 576
64 990 579
16 990 590
16 994 590
11 990 620
77 990 660
15 990 760
38 990 840
38 990 844
69 990 890
55 990 910
19 990 970
7 990 990
186 0 130
186 4 130
163 0 150
163 0 155
191 0 190
138 0 200
138 0 204
142 0 250
142 0 252
185 0 260
185 0 261
199 0 330
199 1 330
129 0 400
192 0 550
192 0 552
121 0 560
195 0 571
195 0 574
195 0 577
195 3 571
195 3 574
195 3 577
110 0 596
110 0 598
193 0 680
193 0 681
134 0 710
169 0 770
169 0 775
112 0 843
112 0 847
112 0 848
112 0 849
180 0 860
180 0 861
186 10 130
186 14 130
163 10 150
163 10 155
191 10 190
138 10 200
138 10 204
142 10 250
142 10 252
185 10 260
185 10 261
199 10 330
199 11 330
129 10 400
192 10 550
192 10 552
121 10 560
195 10 571
195 10 574
195 10 577
195 13 571
195 13 574
195 13 577
110 10 596
110 10 598
193 10 680
193 10 681
134 10 710
169 10 770
169 10 775
112 10 843
112 10 847
112 10 848
112 10 849
180 10 860
180 10 861
186 20 130
186 24 130
163 20 150
163 20 155
191 20 190
138 20 200
138 20 204
142 20 250
142 20 252
185 20 260
185 20 261
199 20 330
199 21 330
129 20 400
192 20 550
192 20 552
121 20 560
195 20 571
195 20 574
195 20 577
195 23 571
195 23 574
195 23 577
110 20 596
110 20 598
193 20 680
193 20 681
134 20 710
169 20 770
169 20 775
112 20 843
112 20 847
112 20 848
112 20 849
180 20 860
180 20 861
186 30 130
186 34 130
163 30 150
163 30 155
191 30 190
138 30 200
138 30 204
142 30 250
142 30 252
185 30 260
185 30 261
199 30 330
199 31 330
129 30 400
192 30 550
192 30 552
121 30 560
195 30 571
195 30 574
195 30 577
195 33 571
195 33 574
195 33 577
110 30 596
110 30 598
193 30 680
193 30 681
134 30 710
169 30 770
169 30 775
112 30 843
112 30 847
112 30 848
112 30 849
180 30 860
180 30 861
186 40 130
186 44 130
163 40 150
163 40 155
191 40 190
138 40 200
138 40 204
142 40 250
142 40 252
185 40 260
185 40 261
199 40 330
199 41 330
129 40 400
192 40 550
192 40 552
121 40 560
195 40 571
195 40 574
195 40 577
195 43 571
195 43 574
195 43 577
110 40 596
110 40 598
193 40 680
193 40 681
134 40 710
169 40 770
169 40 775
112 40 843
112 40 847
112 40 848
112 40 849
180 40 860
180 40 861
186 50 130
186 54 130
163 50 150
163 50 155
191 50 190
138 50 200
138 50 204
142 50 250
142 50 252
185 50 260
185 50 261
199 50 330
199 51 330
129 50 400
192 50 550
192 50 552
121 50 560
195 50 571
195 50 574
195 50 577
195 53 571
195 53 574
195 53 577
110 50 596
110 50 598
193 50 680
193 50 681
134 50 710
169 50 770
169 50 775
112 50 843
112 50 847
112 50 848
112 50 849
180 50 860
180 50 861
186 60 130
186 64 130
163 60 150
163 60 155
191 60 190
138 60 200
138 60 204
142 60 250
142 60 252
185 60 260
185 60 261
199 60 330
199 61 330
129 60 400
192 60 550
192 60 552
121 60 560
195 60 571
195 60 574
195 60 577
195 63 571
195 63 574
195 63 577
110 60 596
110 60 598
193 60 680
193 60 681
134 60 710
169 60 770
169 60 775
112 60 843
112 60 847
112 60 848
112 60 849
180 60 860
180 60 861
186 70 130
186 74 130
163 70 150
163 70 155
191 70 190
138 70 200
138 70 204
142 70 250
142 70 252
185 70 260
185 70 261
199 70 330
199 71 330
129 70 400
192 70 550
192 70 552
121 70 560
195 70 571
195 70 574
195 70 577
195 73 571
195 73 574
195 73 577
110 70 596
110 70 598
193 70 680
193 70 681
134 70 710
169 70 770
169 70 775
112 70 843
112 70 847
112 70 848
112 70 849
180 70 860
180 70 861
186 80 130
186 84 130
163 80 150
163 80 155
191 80 190
138 80 200
138 80 204
142 80 250
142 80 252
185 80 260
185 80 261
199 80 330
199 81 330
129 80 400
192 80 550
192 80 552
121 80 560
195 80 571
195 80 574
195 80 577
195 83 571
195 83 574
195 83 577
110 80 596
110 80 598
193 80 680
193 80 681
134 80 710
169 80 770
169 80 775
112 80 843
112 80 847
112 80 848
112 80 849
180 80 860
180 80 861
186 90 130
186 94 130
163 90 150
163 90 155
191 90 190
138 90 200
138 90 204
142 90 250
142 90 252
185 90 260
185 90 261
199 90 330
199 91 330
129 90 400
192 90 550
192 90 552
121 90 560
195 90 571
195 90 574
195 90 577
195 93 571
195 93 574
195 93 577
110 90 596
110 90 598
193 90 680
193 90 681
134 90 710
169 90 770
169 90 775
112 90 843
112 90 847
112 90 848
112 90 849
180 90 860
180 90 861
186 100 130
186 104 130
163 100 150
163 100 155
191 100 190
138 100 200
138 100 204
142 100 250
142 100 252
185 100 260
185 100 261
199 100 330
199 101 330
129 100 400
192 100 550
192 100 552
121 100 560
195 100 571
195 100 574
195 100 577
195 103 571
195 103 574
195 103 577
110 100 596
110 100 598
193 100 680
193 100 681
134 100 710
169 100 770
169 100 775
112 100 843
112 100 847
112 100 848
112 100 849
180 100 860
180 100 861
186 110 130
186 114 130
163 110 150
163 110 155
191 110 190
138 110 200
138 110 204
142 110 250
142 110 252
185 110 260
185 110 261
199 110 330
199 111 330
129 110 400
192 110 550
192 110 552
121 110 560
195 110 571
195 110 574
195 110 577
195 113 571
195 113 574
195 113 577
110 110 596
110 110 598
193 110 680
193 110 681
134 110 710
169 110 770
169 110 775
112 110 843
112 110 847
112 110 848
112 110 849
180 110 860
180 110 861
186 120 130
186 124 130
163 120 150
163 120 155
191 120 190
138 120 200
138 120 204
142 120 250
142 120 252
185 120 260
185 120 261
199 120 330
199 121 330
129 120 400
192 120 550
192 120 552
121 120 560
195 120 571
195 120 574
195 120 577
195 123 571
195 123 574
195 123 577
110 120 596
110 120 598
193 120 680
193 120 681
134 120 710
169 120 770
169 120 775
112 120 843
112 120 847
112 120 848
112 120 849
180 120 860
180 120 861
186 130 130
186 134 130
163 130 150
163 130 155
191 130 190
138 130 200
138 130 204
142 130 250
142 130 252
185 130 260
185 130 261
199 130 330
199 131 330
129 130 400
192 130 550
192 130 552
121 130 560
195 130 571
195 130 574
195 130 577
195 133 571
195 133 574
195 133 577
110 130 596
110 130 598
193 130 680
193 130 681
134 130 710
169 130 770
169 130 775
112 130 843
112 130 847
112 130 848
112 130 849
180 130 860
180 130 861
186 140 130
186 144 130
163 140 150
163 140 155
191 140 190
138 140 200
138 140 204
142 140 250
142 140 252
185 140 260
185 140 261
199 140 330
199 141 330
129 140 400
192 140 550
192 140 552
121 140 560
195 140 571
195 140 574
195 140 577
195 143 571
195 143 574
195 143 577
110 140 596
110 140 598
193 140 680
193 140 681
134 140 710
169 140 770
169 140 775
112 140 843
112 140 847
112 140 848
112 140 849
180 140 860
180 140 861
186 150 130
186 154 130
163 150 150
163 150 155
191 150 190
138 150 200
138 150 204
142 150 250
142 150 252
185 150 260
185 150 261
199 150 330
199 151 330
129 150 400
192 150 550
192 150 552
121 150 560
195 150 571
195 150 574
195 150 577
195 153 571
195 153 574
195 153 577
110 150 596
110 150 598
193 150 680
193 150 681
134 150 710
169 150 770
169 150 775
112 150 843
112 150 847
112 150 848
112 150 849
180 150 860
180 150 861
186 160 130
186 164 130
163 160 150
163 160 155
191 160 190
138 160 200
138 160 204
142 160 250
142 160 252
185 160 260
185 160 261
199 160 330
199 161 330
129 160 400
192 160 550
192 160 552
121 160 560
195 160 571
195 160 574
195 160 577
195 163 571
195 163 574
195 163 577
110 160 596
110 160 598
193 160 680
193 160 681
134 160 710
169 160 770
169 160 775
112 160 843
112 160 847
112 160 848
112 160 849
180 160 860
180 160 861
186 170 130
186 174 130
163 170 150
163 170 155
191 170 190
138 170 200
138 170 204
142 170 250
142 170 252
185 170 260
185 170 261
199 170 330
199 171 330
129 170 400
192 170 550
192 170 552
121 170 560
195 170 571
195 170 574
195 170 577
195 173 571
195 173 574
195 173 577
110 170 596
110 170 598
193 170 680
193 170 681
134 170 710
169 170 770
169 170 775
112 170 843
112 170 847
112 170 848
112 170 849
180 170 860
180 170 861
186 180 130
186 184 130
163 180 150
163 180 155
191 180 190
138 180 200
138 180 204
142 180 250
142 180 252
185 180 260
185 180 261
199 180 330
199 181 330
129 180 400
192 180 550
192 180 552
121 180 560
195 180 571
195 180 574
195 180 577
195 183 571
195 183 574
195 183 577
110 180 596
110 180 598
193 180 680
193 180 681
134 180 710
169 180 770
169 180 775
112 180 843
112 180 847
112 180 848
112 180 849
180 180 860
180 180 861
186 190 130
186 194 130
163 190 150
163 190 155
191 190 190
138 190 200
138 190 204
142 190 250
142 190 252
185 190 260
185 190 261
199 190 330
199 191 330
129 190 400
192 190 550
192 190 552
121 190 560
195 190 571
195 190 574
195 190 577
195 193 571
195 193 574
195 193 577
110 190 596
110 190 598
193 190 680
193 190 681
134 190 710
169 190 770
169 190 775
112 190 843
112 190 847
112 190 848
112 190 849
180 190 860
180 190 861
186 200 130
186 204 130
163 200 150
163 200 155
191 200 190
138 200 200
138 200 204
142 200 250
142 200 252
185 200 260
185 200 261
199 200 330
199 201 330
129 200 400
192 200 550
192 200 552
121 200 560
195 200 571
195 200 574
195 200 577
195 203 571
195 203 574
195 203 577
110 200 596
110 200 598
193 200 680
193 200 681
134 200 710
169 200 770
169 200 775
112 200 843
112 200 847
112 200 848
112 200 849
180 200 860
180 200 861
186 210 130
186 214 130
163 210 150
163 210 155
191 210 190
138 210 200
138 210 204
142 210 250
142 210 252
185 210 260
185 210 261
199 210 330
199 211 330
129 210 400
192 210 550
192 210 552
121 210 560
195 210 571
195 210 574
195 210 577
195 213 571
195 213 574
195 213 577
110 210 596
110 210 598
193 210 680
193 210 681
134 210 710
169 210 770
169 210 775
112 210 843
112 210 847
112 210 848
112 210 849
180 210 860
180 210 861
186 220 130
186 224 130
163 220 150
163 220 155
191 220 190
138 220 200
138 220 204
142 220 250
142 220 252
185 220 260
185 220 261
199 220 330
199 221 330
129 220 400
192 220 550
192 220 552
121 220 560
195 220 571
195 220 574
195 220 577
195 223 571
195 223 574
195 223 577
110 220 596
110 220 598
193 220 680
193 220 681
134 220 710
169 220 770
169 220 775
112 220 843
112 220 847
112 220 848
112 220 849
180 220 860
180 220 861
186 230 130
186 234 130
163 230 150
163 230 155
191 230 190
138 230 200
138 230 204
142 230 250
142 230 252
185 230 260
185 230 261
199 230 330
199 231 330
129 230 400
192 230 550
192 230 552
121 230 560
195 230 571
195 230 574
195 230 577
195 233 571
195 233 574
195 233 577
110 230 596
110 230 598
193 230 680
193 230 681
134 230 710
169 230 770
169 230 775
112 230 843
112 230 847
112 230 848
112 230 849
180 230 860
180 230 861
186 240 130
186 244 130
163 240 150
163 240 155
191 240 190
138 240 200
138 240 204
142 240 250
142 240 252
185 240 260
185 240 261
199 240 330
199 241 330
129 240 400
192 240 550
192 240 552
121 240 560
195 240 571
195 240 574
195 240 577
195 243 571
195 243 574
195 243 577
110 240 596
110 240 598
193 240 680
193 240 681
134 240 710
169 240 770
169 240 775
112 240 843
112 240 847
112 240 848
112 240 849
180 240 860
180 240 861
186 250 130
186 254 130
163 250 150
163 250 155
191 250 190
138 250 200
138 250 204
142 250 250
142 250 252
185 250 260
185 250 261
199 250 330
199 251 330
129 250 400
192 250 550
192 250 552
121 250 560
195 250 571
195 250 574
195 250 577
195 253 571
195 253 574
195 253 577
110 250 596
110 250 598
193 250 680
193 250 681
134 250 710
169 250 770
169 250 775
112 250 843
112 250 847
112 250 848
112 250 849
180 250 860
180 250 861
186 260 130
186 264 130
163 260 150
163 260 155
191 260 190
138 260 200
138 260 204
142 260 250
142 260 252
185 260 260
185 260 261
199 260 330
199 261 330
129 260 400
192 260 550
192 260 552
121 260 560
195 260 571
195 260 574
195 260 577
195 263 571
195 263 574
195 263 577
110 260 596
110 260 598
193 260 680
193 260 681
134 260 710
169 260 770
169 260 775
112 260 843
112 260 847
112 260 848
112 260 849
180 260 860
180 260 861
186 270 130
186 274 130
163 270 150
163 270 155
191 270 190
138 270 200
138 270 204
142 270 250
142 270 252
185 270 260
185 270 261
199 270 330
199 271 330
129 270 400
192 270 550
192 270 552
121 270 560
195 270 571
195 270 574
195 270 577
195 273 571
195 273 574
195 273 577
110 270 596
110 270 598
193 270 680
193 270 681
134 270 710
169 270 770
169 270 775
112 270 843
112 270 847
112 270 848
112 270 849
180 270 860
180 270 861
186 280 130
186 284 130
163 280 150
163 280 155
191 280 190
138 280 200
138 280 204
142 280 250
142 280 252
185 280 260
185 280 261
199 280 330
199 281 330
129 280 400
192 280 550
192 280 552
121 280 560
195 280 571
195 280 574
195 280 577
195 283 571
195 283 574
195 283 577
110 280 596
110 280 598
193 280 680
193 280 681
134 280 710
169 280 770
169 280 775
112 280 843
112 280 847
112 280 848
112 280 849
180 280 860
180 280 861
186 290 130
186 294 130
163 290 150
163 290 155
191 290 190
138 290 200
138 290 204
142 290 250
142 290 252
185 290 260
185 290 261
199 290 330
199 291 330
129 290 400
192 290 550
192 290 552
121 290 560
195 290 571
195 290 574
195 290 577
195 293 571
195 293 574
195 293 577
110 290 596
110 290 598
193 290 680
193 290 681
134 290 710
169 290 770
169 290 775
112 290 843
112 290 847
112 290 848
112 290 849
180 290 860
180 290 861
186 300 130
186 304 130
163 300 150
163 300 155
191 300 190
138 300 200
138 300 204
142 300 250
142 300 252
185 300 260
185 300 261
199 300 330
199 301 330
129 300 400
192 300 550
192 300 552
121 300 560
195 300 571
195 300 574
195 300 577
195 303 571
195 303 574
195 303 577
110 300 596
110 300 598
193 300 680
193 300 681
134 300 710
169 300 770
169 300 775
112 300 843
112 300 847
112 300 848
112 300 849
180 300 860
180 300 861
186 310 130
186 314 130
163 310 150
163 310 155
191 310 190
138 310 200
138 310 204
142 310 250
142 310 252
185 310 260
185 310 261
199 310 330
199 311 330
129 310 400
192 310 550
192 310 552
121 310 560
195 310 571
195 310 574
195 310 577
195 313 571
195 313 574
195 313 577
110 310 596
110 310 598
193 310 680
193 310 681
134 310 710
169 310 770
169 310 775
112 310 843
112 310 847
112 310 848
112 310 849
180 310 860
180 310 861
186 320 130
186 324 130
163 320 150
163 320 155
191 320 190
138 320 200
138 320 204
142 320 250
142 320 252
185 320 260
185 320 261
199 320 330
199 321 330
129 320 400
192 320 550
192 320 552
121 320 560
195 320 571
195 320 574
195 320 577
195 323 571
195 323 574
195 323 577
110 320 596
110 320 598
193 320 680
193 320 681
134 320 710
169 320 770
169 320 775
112 320 843
112 320 847
112 320 848
112 320 849
180 320 860
180 320 861
186 330 130
186 334 130
163 330 150
163 330 155
191 330 190
138 330 200
138 330 204
142 330 250
142 330 252
185 330 260
185 330 261
199 330 330
199 331 330
129 330 400
192 330 550
192 330 552
121 330 560
195 330 571
195 330 574
195 330 577
195 333 571
195 333 574
195 333 577
110 330 596
110 330 598
193 330 680
193 330 681
134 330 710
169 330 770
169 330 775
112 330 843
112 330 847
112 330 848
112 330 849
180 330 860
180 330 861
186 340 130
186 344 130
163 340 150
163 340 155
191 340 190
138 340 200
138 340 204
142 340 250
142 340 252
185 340 260
185 340 261
199 340 330
199 341 330
129 340 400
192 340 550
192 340 552
121 340 560
195 340 571
195 340 574
195 340 577
195 343 571
195 343 574
195 343 577
110 340 596
110 340 598
193 340 680
193 340 681
134 340 710
169 340 770
169 340 775
112 340 843
112 340 847
112 340 848
112 340 849
180 340 860
180 340 861
186 350 130
186 354 130
163 350 150
163 350 155
191 350 190
138 350 200
138 350 204
142 350 250
142 350 252
185 350 260
185 350 261
199 350 330
199 351 330
129 350 400
192 350 550
192 350 552
121 350 560
195 350 571
195 350 574
195 350 577
195 353 571
195 353 574
195 353 577
110 350 596
110 350 598
193 350 680
193 350 681
134 350 710
169 350 770
169 350 775
112 350 843
112 350 847
112 350 848
112 350 849
180 350 860
180 350 861
186 360 130
186 364 130
163 360 150
163 360 155
191 360 190
138 360 200
138 360 204
142 360 250
142 360 252
185 360 260
185 360 261
199 360 330
199 361 330
129 360 400
192 360 550
192 360 552
121 360 560
195 360 571
195 360 574
195 360 577
195 363 571
195 363 574
195 363 577
110 360 596
110 360 598
193 360 680
193 360 681
134 360 710
169 360 770
169 360 775
112 360 843
112 360 847
112 360 848
112 360 849
180 360 860
180 360 861
186 370 130
186 374 130
163 370 150
163 370 155
191 370 190
138 370 200
138 370 204
142 370 250
142 370 252
185 370 260
185 370 261
199 370 330
199 371 330
129 370 400
192 370 550
192 370 552
121 370 560
195 370 571
195 370 574
195 370 577
195 373 571
195 373 574
195 373 577
110 370 596
110 370 598
193 370 680
193 370 681
134 370 710
169 370 770
169 370 775
112 370 843
112 370 847
112 370 848
112 370 849
180 370 860
180 370 861
186 380 130
186 384 130
163 380 150
163 380 155
191 380 190
138 380 200
138 380 204
142 380 250
142 380 252
185 380 260
185 380 261
199 380 330
199 381 330
129 380 400
192 380 550
192 380 552
121 380 560
195 380 571
195 380 574
195 380 577
195 383 571
195 383 574
195 383 577
110 380 596
110 380 598
193 380 680
193 380 681
134 380 710
169 380 770
169 380 775
112 380 843
112 380 847
112 380 848
112 380 849
180 380 860
180 380 861
186 390 130
186 394 130
163 390 150
163 390 155
191 390 190
138 390 200
138 390 204
142 390 250
142 390 252
185 390 260
185 390 261
199 390 330
199 391 330
129 390 400
192 390 550
192 390 552
121 390 560
195 390 571
195 390 574
195 390 577
195 393 571
195 393 574
195 393 577
110 390 596
110 390 598
193 390 680
193 390 681
134 390 710
169 390 770
169 390 775
112 390 843
112 390 847
112 390 848
112 390 849
180 390 860
180 390 861
186 400 130
186 404 130
163 400 150
163 400 155
191 400 190
138 400 200
138 400 204
142 400 250
142 400 252
185 400 260
185 400 261
199 400 330
199 401 330
129 400 400
192 400 550
192 400 552
121 400 560
195 400 571
195 400 574
195 400 577
195 403 571
195 403 574
195 403 577
110 400 596
110 400 598
193 400 680
193 400 681
134 400 710
169 400 770
169 400 775
112 400 843
112 400 847
112 400 848
112 400 849
180 400 860
180 400 861
186 410 130
186 414 130
163 410 150
163 410 155
191 410 190
138 410 200
138 410 204
142 410 250
142 410 252
185 410 260
185 410 261
199 410 330
199 411 330
129 410 400
192 410 550
192 410 552
121 410 560
195 410 571
195 410 574
195 410 577
195 413 571
195 413 574
195 413 577
110 410 596
110 410 598
193 410 680
193 410 681
134 410 710
169 410 770
169 410 775
112 410 843
112 410 847
112 410 848
112 410 849
180 410 860
180 410 861
186 420 130
186 424 130
163 420 150
163 420 155
191 420 190
138 420 200
138 420 204
142 420 250
142 420 252
185 420 260
185 420 261
199 420 330
199 421 330
129 420 400
192 420 550
192 420 552
121 420 560
195 420 571
195 420 574
195 420 577
195 423 571
195 423 574
195 423 577
110 420 596
110 420 598
193 420 680
193 420 681
134 420 710
169 420 770
169 420 775
112 420 843
112 420 847
112 420 848
112 420 849
180 420 860
180 420 861
186 430 130
186 434 130
163 430 150
163 430 155
191 430 190
138 430 200
138 430 204
142 430 250
142 430 252
185 430 260
185 430 261
199 430 330
199 431 330
129 430 400
192 430 550
192 430 552
121 430 560
195 430 571
195 430 574
195 430 577
195 433 571
195 433 574
195 433 577
110 430 596
110 430 598
193 430 680
193 430 681
134 430 710
169 430 770
169 430 775
112 430 843
112 430 847
112 430 848
112 430 849
180 430 860
180 430 861
186 440 130
186 444 130
163 440 150
163 440 155
191 440 190
138 440 200
138 440 204
142 440 250
142 440 252
185 440 260
185 440 261
199 440 330
199 441 330
129 440 400
192 440 550
192 440 552
121 440 560
195 440 571
195 440 574
195 440 577
195 443 571
195 443 574
195 443 577
110 440 596
110 440 598
193 440 680
193 440 681
134 440 710
169 440 770
169 440 775
112 440 843
112 440 847
112 440 848
112 440 849
180 440 860
180 440 861
186 450 130
186 454 130
163 450 150
163 450 155
191 450 190
138 450 200
138 450 204
142 450 250
142 450 252
185 450 260
185 450 261
199 450 330
199 451 330
129 450 400
192 450 550
192 450 552
121 450 560
195 450 571
195 450 574
195 450 577
195 453 571
195 453 574
195 453 577
110 450 596
110 450 598
193 450 680
193 450 681
134 450 710
169 450 770
169 450 775
112 450 843
112 450 847
112 450 848
112 450 849
180 450 860
180 450 861
186 460 130
186 464 130
163 460 150
163 460 155
191 460 190
138 460 200
138 460 204
142 460 250
142 460 252
185 460 260
185 460 261
199 460 330
199 461 330
129 460 400
192 460 550
192 460 552
121 460 560
195 460 571
195 460 574
195 460 577
195 463 571
195 463 574
195 463 577
110 460 596
110 460 598
193 460 680
193 460 681
134 460 710
169 460 770
169 460 775
112 460 843
112 460 847
112 460 848
112 460 849
180 460 860
180 460 861
186 470 130
186 474 130
163 470 150
163 470 155
191 470 190
138 470 200
138 470 204
142 470 250
142 470 252
185 470 260
185 470 261
199 470 330
199 471 330
129 470 400
192 470 550
192 470 552
121 470 560
195 470 571
195 470 574
195 470 577
195 473 571
195 473 574
195 473 577
110 470 596
110 470 598
193 470 680
193 470 681
134 470 710
169 470 770
169 470 775
112 470 843
112 470 847
112 470 848
112 470 849
180 470 860
180 470 861
186 480 130
186 484 130
163 480 150
163 480 155
191 480 190
138 480 200
138 480 204
142 480 250
142 480 252
185 480 260
185 480 261
199 480 330
199 481 330
129 480 400
192 480 550
192 480 552
121 480 560
195 480 571
195 480 574
195 480 577
195 483 571
195 483 574
195 483 577
110 480 596
110 480 598
193 480 680
193 480 681
134 480 710
169 480 770
169 480 775
112 480 843
112 480 847
112 480 848
112 480 849
180 480 860
180 480 861
186 490 130
186 494 130
163 490 150
163 490 155
191 490 190
138 490 200
138 490 204
142 490 250
142 490 252
185 490 260
185 490 261
199 490 330
199 491 330
129 490 400
192 490 550
192 490 552
121 490 560
195 490 571
195 490 574
195 490 577
195 493 571
195 493 574
195 493 577
110 490 596
110 490 598
193 490 680
193 490 681
134 490 710
169 490 770
169 490 775
112 490 843
112 490 847
112 490 848
112 490 849
180 490 860
180 490 861
186 500 130
186 504 130
163 500 150
163 500 155
191 500 190
138 500 200
138 500 204
142 500 250
142 500 252
185 500 260
185 500 261
199 500 330
199 501 330
129 500 400
192 500 550
192 500 552
121 500 560
195 500 571
195 500 574
195 500 577
195 503 571
195 503 574
195 503 577
110 500 596
110 500 598
193 500 680
193 500 681
134 500 710
169 500 770
169 500 775
112 500 843
112 500 847
112 500 848
112 500 849
180 500 860
180 500 861
186 510 130
186 514 130
163 510 150
163 510 155
191 510 190
138 510 200
138 510 204
142 510 250
142 510 252
185 510 260
185 510 261
199 510 330
199 511 330
129 510 400
192 510 550
192 510 552
121 510 560
195 510 571
195 510 574
195 510 577
195 513 571
195 513 574
195 513 577
110 510 596
110 510 598
193 510 680
193 510 681
134 510 710
169 510 770
169 510 775
112 510 843
112 510 847
112 510 848
112 510 849
180 510 860
180 510 861
186 520 130
186 524 130
163 520 150
163 520 155
191 520 190
138 520 200
138 520 204
142 520 250
142 520 252
185 520 260
185 520 261
199 520 330
199 521 330
129 520 400
192 520 550
192 520 552
121 520 560
195 520 571
195 520 574
195 520 577
195 523 571
195 523 574
195 523 577
110 520 596
110 520 598
193 520 680
193 520 681
134 520 710
169 520 770
169 520 775
112 520 843
112 520 847
112 520 848
112 520 849
180 520 860
180 520 861
186 530 130
186 534 130
163 530 150
163 530 155
191 530 190
138 530 200
138 530 204
142 530 250
142 530 252
185 530 260
185 530 261
199 530 330
199 531 330
129 530 400
192 530 550
192 530 552
121 530 560
195 530 571
195 530 574
195 530 577
195 533 571
195 533 574
195 533 577
110 530 596
110 530 598
193 530 680
193 530 681
134 530 710
169 530 770
169 530 775
112 530 843
112 530 847
112 530 848
112 530 849
180 530 860
180 530 861
186 540 130
186 544 130
163 540 150
163 540 155
191 540 190
138 540 200
138 540 204
142 540 250
142 540 252
185 540 260
185 540 261
199 540 330
199 541 330
129 540 400
192 540 550
192 540 552
121 540 560
195 540 571
195 540 574
195 540 577
195 543 571
195 543 574
195 543 577
110 540 596
110 540 598
193 540 680
193 540 681
134 540 710
169 540 770
169 540 775
112 540 843
112 540 847
112 540 848
112 540 849
180 540 860
180 540 861
186 550 130
186 554 130
163 550 150
163 550 155
191 550 190
138 550 200
138 550 204
142 550 250
142 550 252
185 550 260
185 550 261
199 550 330
199 551 330
129 550 400
192 550 550
192 550 552
121 550 560
195 550 571
195 550 574
195 550 577
195 553 571
195 553 574
195 553 577
110 550 596
110 550 598
193 550 680
193 550 681
134 550 710
169 550 770
169 550 775
112 550 843
112 550 847
112 550 848
112 550 849
180 550 860
180 550 861
186 560 130
186 564 130
163 560 150
163 560 155
191 560 190
138 560 200
138 560 204
142 560 250
142 560 252
185 560 260
185 560 261
199 560 330
199 561 330
129 560 400
192 560 550
192 560 552
121 560 560
195 560 571
195 560 574
195 560 577
195 563 571
195 563 574
195 563 577
110 560 596
110 560 598
193 560 680
193 560 681
134 560 710
169 560 770
169 560 775
112 560 843
112 560 847
112 560 848
112 560 849
180 560 860
180 560 861
186 570 130
186 574 130
163 570 150
163 570 155
191 570 190
138 570 200
138 570 204
142 570 250
142 570 252
185 570 260
185 570 261
199 570 330
199 571 330
129 570 400
192 570 550
192 570 552
121 570 560
195 570 571
195 570 574
195 570 577
195 573 571
195 573 574
195 573 577
110 570 596
110 570 598
193 570 680
193 570 681
134 570 710
169 570 770
169 570 775
112 570 843
112 570 847
112 570 848
112 570 849
180 570 860
180 570 861
186 580 130
186 584 130
163 580 150
163 580 155
191 580 190
138 580 200
138 580 204
142 580 250
142 580 252
185 580 260
185 580 261
199 580 330
199 581 330
129 580 400
192 580 550
192 580 552
121 580 560
195 580 571
195 580 574
195 580 577
195 583 571
195 583 574
195 583 577
110 580 596
110 580 598
193 580 680
193 580 681
134 580 710
169 580 770
169 580 775
112 580 843
112 580 847
112 580 848
112 580 849
180 580 860
180 580 861
186 590 130
186 594 130
163 590 150
163 590 155
191 590 190
138 590 200
138 590 204
142 590 250
142 590 252
185 590 260
185 590 261
199 590 330
199 591 330
129 590 400
192 590 550
192 590 552
121 590 560
195 590 571
195 590 574
195 590 577
195 593 571
195 593 574
195 593 577
110 590 596
110 590 598
193 590 680
193 590 681
134 590 710
169 590 770
169 590 775
112 590 843
112 590 847
112 590 848
112 590 849
180 590 860
180 590 861
186 600 130
186 604 130
163 600 150
163 600 155
191 600 190
138 600 200
138 600 204
142 600 250
142 600 252
185 600 260
185 600 261
199 600 330
199 601 330
129 600 400
192 600 550
192 600 552
121 600 560
195 600 571
195 600 574
195 600 577
195 603 571
195 603 574
195 603 577
110 600 596
110 600 598
193 600 680
193 600 681
134 600 710
169 600 770
169 600 775
112 600 843
112 600 847
112 600 848
112 600 849
180 600 860
180 600 861
186 610 130
186 614 130
163 610 150
163 610 155
191 610 190
138 610 200
138 610 204
142 610 250
142 610 252
185 610 260
185 610 261
199 610 330
199 611 330
129 610 400
192 610 550
192 610 552
121 610 560
195 610 571
195 610 574
195 610 577
195 613 571
195 613 574
195 613 577
110 610 596
110 610 598
193 610 680
193 610 681
134 610 710
169 610 770
169 610 775
112 610 843
112 610 847
112 610 848
112 610 849
180 610 860
180 610 861
186 620 130
186 624 130
163 620 150
163 620 155
191 620 190
138 620 200
138 620 204
142 620 250
142 620 252
185 620 260
185 620 261
199 620 330
199 621 330
129 620 400
192 620 550
192 620 552
121 620 560
195 620 571
195 620 574
195 620 577
195 623 571
195 623 574
195 623 577
110 620 596
110 620 598
193 620 680
193 620 681
134 620 710
169 620 770
169 620 775
112 620 843
112 620 847
112 620 848
112 620 849
180 620 860
180 620 861
186 630 130
186 634 130
163 630 150
163 630 155
191 630 190
138 630 200
138 630 204
142 630 250
142 630 252
185 630 260
185 630 261
199 630 330
199 631 330
129 630 400
192 630 550
192 630 552
121 630 560
195 630 571
195 630 574
195 630 577
195 633 571
195 633 574
195 633 577
110 630 596
110 630 598
193 630 680
193 630 681
134 630 710
169 630 770
169 630 775
112 630 843
112 630 847
112 630 848
112 630 849
180 630 860
180 630 861
186 640 130
186 644 130
163 640 150
163 640 155
191 640 190
138 640 200
138 640 204
142 640 250
142 640 252
185 640 260
185 640 261
199 640 330
199 641 330
129 640 400
192 640 550
192 640 552
121 640 560
195 640 571
195 640 574
195 640 577
195 643 571
195 643 574
195 643 577
110 640 596
110 640 598
193 640 680
193 640 681
134 640 710
169 640 770
169 640 775
112 640 843
112 640 847
112 640 848
112 640 849
180 640 860
180 640 861
186 650 130
186 654 130
163 650 150
163 650 155
191 650 190
138 650 200
138 650 204
142 650 250
142 650 252
185 650 260
185 650 261
199 650 330
199 651 330
129 650 400
192 650 550
192 650 552
121 650 560
195 650 571
195 650 574
195 650 577
195 653 571
195 653 574
195 653 577
110 650 596
110 650 598
193 650 680
193 650 681
134 650 710
169 650 770
169 650 775
112 650 843
112 650 847
112 650 848
112 650 849
180 650 860
180 650 861
186 660 130
186 664 130
163 660 150
163 660 155
191 660 190
138 660 200
138 660 204
142 660 250
142 660 252
185 660 260
185 660 261
199 660 330
199 661 330
129 660 400
192 660 550
192 660 552
121 660 560
195 660 571
195 660 574
195 660 577
195 663 571
195 663 574
195 663 577
110 660 596
110 660 598
193 660 680
193 660 681
134 660 710
169 660 770
169 660 775
112 660 843
112 660 847
112 660 848
112 660 849
180 660 860
180 660 861
186 670 130
186 674 130
163 670 150
163 670 155
191 670 190
138 670 200
138 670 204
142 670 250
142 670 252
185 670 260
185 670 261
199 670 330
199 671 330
129 670 400
192 670 550
192 670 552
121 670 560
195 670 571
195 670 574
195 670 577
195 673 571
195 673 574
195 673 577
110 670 596
110 670 598
193 670 680
193 670 681
134 670 710
169 670 770
169 670 775
112 670 843
112 670 847
112 670 848
112 670 849
180 670 860
180 670 861
186 680 130
186 684 130
163 680 150
163 680 155
191 680 190
138 680 200
138 680 204
142 680 250
142 680 252
185 680 260
185 680 261
199 680 330
199 681 330
129 680 400
192 680 550
192 680 552
121 680 560
195 680 571
195 680 574
195 680 577
195 683 571
195 683 574
195 683 577
110 680 596
110 680 598
193 680 680
193 680 681
134 680 710
169 680 770
169 680 775
112 680 843
112 680 847
112 680 848
112 680 849
180 680 860
180 680 861
186 690 130
186 694 130
163 690 150
163 690 155
191 690 190
138 690 200
138 690 204
142 690 250
142 690 252
185 690 260
185 690 261
199 690 330
199 691 330
129 690 400
192 690 550
192 690 552
121 690 560
195 690 571
195 690 574
195 690 577
195 693 571
195 693 574
195 693 577
110 690 596
110 690 598
193 690 680
193 690 681
134 690 710
169 690 770
169 690 775
112 690 843
112 690 847
112 690 848
112 690 849
180 690 860
180 690 861
186 700 130
186 704 130
163 700 150
163 700 155
191 700 190
138 700 200
138 700 204
142 700 250
142 700 252
185 700 260
185 700 261
199 700 330
199 701 330
129 700 400
192 700 550
192 700 552
121 700 560
195 700 571
195 700 574
195 700 577
195 703 571
195 703 574
195 703 577
110 700 596
110 700 598
193 700 680
193 700 681
134 700 710
169 700 770
169 700 775
112 700 843
112 700 847
112 700 848
112 700 849
180 700 860
180 700 861
186 710 130
186 714 130
163 710 150
163 710 155
191 710 190
138 710 200
138 710 204
142 710 250
142 710 252
185 710 260
185 710 261
199 710 330
199 711 330
129 710 400
192 710 550
192 710 552
121 710 560
195 710 571
195 710 574
195 710 577
195 713 571
195 713 574
195 713 577
110 710 596
110 710 598
193 710 680
193 710 681
134 710 710
169 710 770
169 710 775
112 710 843
112 710 847
112 710 848
112 710 849
180 710 860
180 710 861
186 720 130
186 724 130
163 720 150
163 720 155
191 720 190
138 720 200
138 720 204
142 720 250
142 720 252
185 720 260
185 720 261
199 720 330
199 721 330
129 720 400
192 720 550
192 720 552
121 720 560
195 720 571
195 720 574
195 720 577
195 723 571
195 723 574
195 723 577
110 720 596
110 720 598
193 720 680
193 720 681
134 720 710
169 720 770
169 720 775
112 720 843
112 720 847
112 720 848
112 720 849
180 720 860
180 720 861
186 730 130
186 734 130
163 730 150
163 730 155
191 730 190
138 730 200
138 730 204
142 730 250
142 730 252
185 730 260
185 730 261
199 730 330
199 731 330
129 730 400
192 730 550
192 730 552
121 730 560
195 730 571
195 730 574
195 730 577
195 733 571
195 733 574
195 733 577
110 730 596
110 730 598
193 730 680
193 730 681
134 730 710
169 730 770
169 730 775
112 730 843
112 730 847
112 730 848
112 730 849
180 730 860
180 730 861
186 740 130
186 744 130
163 740 150
163 740 155
191 740 190
138 740 200
138 740 204
142 740 250
142 740 252
185 740 260
185 740 261
199 740 330
199 741 330
129 740 400
192 740 550
192 740 552
121 740 560
195 740 571
195 740 574
195 740 577
195 743 571
195 743 574
195 743 577
110 740 596
110 740 598
193 740 680
193 740 681
134 740 710
169 740 770
169 740 775
112 740 843
112 740 847
112 740 848
112 740 849
180 740 860
180 740 861
186 750 130
186 754 130
163 750 150
163 750 155
191 750 190
138 750 200
138 750 204
142 750 250
142 750 252
185 750 260
185 750 261
199 750 330
199 751 330
129 750 400
192 750 550
192 750 552
121 750 560
195 750 571
195 750 574
195 750 577
195 753 571
195 753 574
195 753 577
110 750 596
110 750 598
193 750 680
193 750 681
134 750 710
169 750 770
169 750 775
112 750 843
112 750 847
112 750 848
112 750 849
180 750 860
180 750 861
186 760 130
186 764 130
163 760 150
163 760 155
191 760 190
138 760 200
138 760 204
142 760 250
142 760 252
185 760 260
185 760 261
199 760 330
199 761 330
129 760 400
192 760 550
192 760 552
121 760 560
195 760 571
195 760 574
195 760 577
195 763 571
195 763 574
195 763 577
110 760 596
110 760 598
193 760 680
193 760 681
134 760 710
169 760 770
169 760 775
112 760 843
112 760 847
112 760 848
112 760 849
180 760 860
180 760 861
186 770 130
186 774 130
163 770 150
163 770 155
191 770 190
138 770 200
138 770 204
142 770 250
142 770 252
185 770 260
185 770 261
199 770 330
199 771 330
129 770 400
192 770 550
192 770 552
121 770 560
195 770 571
195 770 574
195 770 577
195 773 571
195 773 574
195 773 577
110 770 596
110 770 598
193 770 680
193 770 681
134 770 710
169 770 770
169 770 775
112 770 843
112 770 847
112 770 848
112 770 849
180 770 860
180 770 861
186 780 130
186 784 130
163 780 150
163 780 155
191 780 190
138 780 200
138 780 204
142 780 250
142 780 252
185 780 260
185 780 261
199 780 330
199 781 330
129 780 400
192 780 550
192 780 552
121 780 560
195 780 571
195 780 574
195 780 577
195 783 571
195 783 574
195 783 577
110 780 596
110 780 598
193 780 680
193 780 681
134 780 710
169 780 770
169 780 775
112 780 843
112 780 847
112 780 848
112 780 849
180 780 860
180 780 861
186 790 130
186 794 130
163 790 150
163 790 155
191 790 190
138 790 200
138 790 204
142 790 250
142 790 252
185 790 260
185 790 261
199 790 330
199 791 330
129 790 400
192 790 550
192 790 552
121 790 560
195 790 571
195 790 574
195 790 577
195 793 571
195 793 574
195 793 577
110 790 596
110 790 598
193 790 680
193 790 681
134 790 710
169 790 770
169 790 775
112 790 843
112 790 847
112 790 848
112 790 849
180 790 860
180 790 861
186 800 130
186 804 130
163 800 150
163 800 155
191 800 190
138 800 200
138 800 204
142 800 250
142 800 252
185 800 260
185 800 261
199 800 330
199 801 330
129 800 400
192 800 550
192 800 552
121 800 560
195 800 571
195 800 574
195 800 577
195 803 571
195 803 574
195 803 577
110 800 596
110 800 598
193 800 680
193 800 681
134 800 710
169 800 770
169 800 775
112 800 843
112 800 847
112 800 848
112 800 849
180 800 860
180 800 861
186 810 130
186 814 130
163 810 150
163 810 155
191 810 190
138 810 200
138 810 204
142 810 250
142 810 252
185 810 260
185 810 261
199 810 330
199 811 330
129 810 400
192 810 550
192 810 552
121 810 560
195 810 571
195 810 574
195 810 577
195 813 571
195 813 574
195 813 577
110 810 596
110 810 598
193 810 680
193 810 681
134 810 710
169 810 770
169 810 775
112 810 843
112 810 847
112 810 848
112 810 849
180 810 860
180 810 861
186 820 130
186 824 130
163 820 150
163 820 155
191 820 190
138 820 200
138 820 204
142 820 250
142 820 252
185 820 260
185 820 261
199 820 330
199 821 330
129 820 400
192 820 550
192 820 552
121 820 560
195 820 571
195 820 574
195 820 577
195 823 571
195 823 574
195 823 577
110 820 596
110 820 598
193 820 680
193 820 681
134 820 710
169 820 770
169 820 775
112 820 843
112 820 847
112 820 848
112 820 849
180 820 860
180 820 861
186 830 130
186 834 130
163 830 150
163 830 155
191 830 190
138 830 200
138 830 204
142 830 250
142 830 252
185 830 260
185 830 261
199 830 330
199 831 330
129 830 400
192 830 550
192 830 552
121 830 560
195 830 571
195 830 574
195 830 577
195 833 571
195 833 574
195 833 577
110 830 596
110 830 598
193 830 680
193 830 681
134 830 710
169 830 770
169 830 775
112 830 843
112 830 847
112 830 848
112 830 849
180 830 860
180 830 861
186 840 130
186 844 130
163 840 150
163 840 155
191 840 190
138 840 200
138 840 204
142 840 250
142 840 252
185 840 260
185 840 261
199 840 330
199 841 330
129 840 400
192 840 550
192 840 552
121 840 560
195 840 571
195 840 574
195 840 577
195 843 571
195 843 574
195 843 577
110 840 596
110 840 598
193 840 680
193 840 681
134 840 710
169 840 770
169 840 775
112 840 843
112 840 847
112 840 848
112 840 849
180 840 860
180 840 861
186 850 130
186 854 130
163 850 150
163 850 155
191 850 190
138 850 200
138 850 204
142 850 250
142 850 252
185 850 260
185 850 261
199 850 330
199 851 330
129 850 400
192 850 550
192 850 552
121 850 560
195 850 571
195 850 574
195 850 577
195 853 571
195 853 574
195 853 577
110 850 596
110 850 598
193 850 680
193 850 681
134 850 710
169 850 770
169 850 775
112 850 843
112 850 847
112 850 848
112 850 849
180 850 860
180 850 861
186 860 130
186 864 130
163 860 150
163 860 155
191 860 190
138 860 200
138 860 204
142 860 250
142 860 252
185 860 260
185 860 261
199 860 330
199 861 330
129 860 400
192 860 550
192 860 552
121 860 560
195 860 571
195 860 574
195 860 577
195 863 571
195 863 574
195 863 577
110 860 596
110 860 598
193 860 680
193 860 681
134 860 710
169 860 770
169 860 775
112 860 843
112 860 847
112 860 848
112 860 849
180 860 860
180 860 861
186 870 130
186 874 130
163 870 150
163 870 155
191 870 190
138 870 200
138 870 204
142 870 250
142 870 252
185 870 260
185 870 261
199 870 330
199 871 330
129 870 400
192 870 550
192 870 552
121 870 560
195 870 571
195 870 574
195 870 577
195 873 571
195 873 574
195 873 577
110 870 596
110 870 598
193 870 680
193 870 681
134 870 710
169 870 770
169 870 775
112 870 843
112 870 847
112 870 848
112 870 849
180 870 860
180 870 861
186 880 130
186 884 130
163 880 150
163 880 155
191 880 190
138 880 200
138 880 204
142 880 250
142 880 252
185 880 260
185 880 261
199 880 330
199 881 330
129 880 400
192 880 550
192 880 552
121 880 560
195 880 571
195 880 574
195 880 577
195 883 571
195 883 574
195 883 577
110 880 596
110 880 598
193 880 680
193 880 681
134 880 710
169 880 770
169 880 775
112 880 843
112 880 847
112 880 848
112 880 849
180 880 860
180 880 861
186 890 130
186 894 130
163 890 150
163 890 155
191 890 190
138 890 200
138 890 204
142 890 250
142 890 252
185 890 260
185 890 261
199 890 330
199 891 330
129 890 400
192 890 550
192 890 552
121 890 560
195 890 571
195 890 574
195 890 577
195 893 571
195 893 574
195 893 577
110 890 596
110 890 598
193 890 680
193 890 681
134 890 710
169 890 770
169 890 775
112 890 843
112 890 847
112 890 848
112 890 849
180 890 860
180 890 861
186 900 130
186 904 130
163 900 150
163 900 155
191 900 190
138 900 200
138 900 204
142 900 250
142 900 252
185 900 260
185 900 261
199 900 330
199 901 330
129 900 400
192 900 550
192 900 552
121 900 560
195 900 571
195 900 574
195 900 577
195 903 571
195 903 574
195 903 577
110 900 596
110 900 598
193 900 680
193 900 681
134 900 710
169 900 770
169 900 775
112 900 843
112 900 847
112 900 848
112 900 849
180 900 860
180 900 861
186 910 130
186 914 130
163 910 150
163 910 155
191 910 190
138 910 200
138 910 204
142 910 250
142 910 252
185 910 260
185 910 261
199 910 330
199 911 330
129 910 400
192 910 550
192 910 552
121 910 560
195 910 571
195 910 574
195 910 577
195 913 571
195 913 574
195 913 577
110 910 596
110 910 598
193 910 680
193 910 681
134 910 710
169 910 770
169 910 775
112 910 843
112 910 847
112 910 848
112 910 849
180 910 860
180 910 861
186 920 130
186 924 130
163 920 150
163 920 155
191 920 190
138 920 200
138 920 204
142 920 250
142 920 252
185 920 260
185 920 261
199 920 330
199 921 330
129 920 400
192 920 550
192 920 552
121 920 560
195 920 571
195 920 574
195 920 577
195 923 571
195 923 574
195 923 577
110 920 596
110 920 598
193 920 680
193 920 681
134 920 710
169 920 770
169 920 775
112 920 843
112 920 847
112 920 848
112 920 849
180 920 860
180 920 861
186 930 130
186 934 130
163 930 150
163 930 155
191 930 190
138 930 200
138 930 204
142 930 250
142 930 252
185 930 260
185 930 261
199 930 330
199 931 330
129 930 400
192 930 550
192 930 552
121 930 560
195 930 571
195 930 574
195 930 577
195 933 571
195 933 574
195 933 577
110 930 596
110 930 598
193 930 680
193 930 681
134 930 710
169 930 770
169 930 775
112 930 843
112 930 847
112 930 848
112 930 849
180 930 860
180 930 861
186 940 130
186 944 130
163 940 150
163 940 155
191 940 190
138 940 200
138 940 204
142 940 250
142 940 252
185 940 260
185 940 261
199 940 330
199 941 330
129 940 400
192 940 550
192 940 552
121 940 560
195 940 571
195 940 574
195 940 577
195 943 571
195 943 574
195 943 577
110 940 596
110 940 598
193 940 680
193 940 681
134 940 710
169 940 770
169 940 775
112 940 843
112 940 847
112 940 848
112 940 849
180 940 860
180 940 861
186 950 130
186 954 130
163 950 150
163 950 155
191 950 190
138 950 200
138 950 204
142 950 250
142 950 252
185 950 260
185 950 261
199 950 330
199 951 330
129 950 400
192 950 550
192 950 552
121 950 560
195 950 571
195 950 574
195 950 577
195 953 571
195 953 574
195 953 577
110 950 596
110 950 598
193 950 680
193 950 681
134 950 710
169 950 770
169 950 775
112 950 843
112 950 847
112 950 848
112 950 849
180 950 860
180 950 861
186 960 130
186 964 130
163 960 150
163 960 155
191 960 190
138 960 200
138 960 204
142 960 250
142 960 252
185 960 260
185 960 261
199 960 330
199 961 330
129 960 400
192 960 550
192 960 552
121 960 560
195 960 571
195 960 574
195 960 577
195 963 571
195 963 574
195 963 577
110 960 596
110 960 598
193 960 680
193 960 681
134 960 710
169 960 770
169 960 775
112 960 843
112 960 847
112 960 848
112 960 849
180 960 860
180 960 861
186 970 130
186 974 130
163 970 150
163 970 155
191 970 190
138 970 200
138 970 204
142 970 250
142 970 252
185 970 260
185 970 261
199 970 330
199 971 330
129 970 400
192 970 550
192 970 552
121 970 560
195 970 571
195 970 574
195 970 577
195 973 571
195 973 574
195 973 577
110 970 596
110 970 598
193 970 680
193 970 681
134 970 710
169 970 770
169 970 775
112 970 843
112 970 847
112 970 848
112 970 849
180 970 860
180 970 861
186 980 130
186 984 130
163 980 150
163 980 155
191 980 190
138 980 200
138 980 204
142 980 250
142 980 252
185 980 260
185 980 261
199 980 330
199 981 330
129 980 400
192 980 550
192 980 552
121 980 560
195 980 571
195 980 574
195 980 577
195 983 571
195 983 574
195 983 577
110 980 596
110 980 598
193 980 680
193 980 681
134 980 710
169 980 770
169 980 775
112 980 843
112 980 847
112 980 848
112 980 849
180 980 860
180 980 861
186 990 130
186 994 130
163 990 150
163 990 155
191 990 190
138 990 200
138 990 204
142 990 250
142 990 252
185 990 260
185 990 261
199 990 330
199 991 330
129 990 400
192 990 550
192 990 552
121 990 560
195 990 571
195 990 574
195 990 577
195 993 571
195 993 574
195 993 577
110 990 596
110 990 598
193 990 680
193 990 681
134 990 710
169 990 770
169 990 775
112 990 843
112 990 847
112 990 848
112 990 849
180 990 860
180 990 861
