7500
38 0 0
64 0 120
17 0 130
77 0 200
39 0 220
60 0 260
71 0 270
71 2 270
71 4 270
71 6 270
71 8 270
55 0 300
40 0 310
40 0 0
7 0 360
99 0 420
98 0 440
50 0 480
59 0 510
59 4 510
59 5 510
59 9 510
15 0 550
49 0 0
3 0 690
19 0 0
67 0 800
67 3 800
67 6 800
60 0 0
16 0 890
94 0 0
13 0 940
11 0 970
8 0 980
38 10 70
64 10 120
17 10 130
77 10 200
39 0 0
60 0 0
71 10 270
71 12 270
71 14 270
71 16 270
71 18 270
55 10 300
40 10 310
40 19 310
7 10 360
99 10 420
98 10 440
50 10 480
59 10 510
59 0 0
59 15 510
59 0 0
15 10 550
49 10 660
3 10 690
19 10 790
67 10 800
67 13 800
67 16 800
69 10 870
16 10 890
94 10 910
13 10 940
11 10 970
8 0 0
38 20 70
64 20 120
17 20 130
77 0 0
39 20 220
69 0 0
71 20 270
71 0 0
71 24 270
71 0 0
71 28 270
55 20 300
40 20 310
40 29 310
7 20 360
99 20 420
98 20 440
50 0 0
59 0 0
59 24 510
59 25 510
59 29 510
15 20 550
49 0 0
3 0 0
19 20 790
67 20 800
67 23 800
67 26 800
69 0 0
16 20 890
94 20 910
13 0 0
11 0 0
8 0 0
38 30 70
64 30 120
17 30 130
77 30 200
39 30 220
69 0 0
71 30 270
71 0 0
71 34 270
71 36 270
71 38 270
55 30 300
40 30 310
40 39 310
7 30 360
99 0 0
98 30 440
50 30 480
59 30 510
59 34 510
59 35 510
59 39 510
11 0 0
49 0 0
3 30 690
19 0 0
67 0 0
67 0 0
67 36 800
60 0 0
16 0 0
94 30 910
13 30 940
11 30 970
8 0 0
38 40 70
64 40 120
17 0 0
77 40 200
39 40 220
69 0 0
71 40 270
71 0 0
71 44 270
71 46 270
71 48 270
55 40 300
40 0 0
40 49 310
7 40 360
99 40 420
98 40 440
50 40 480
59 0 0
59 44 510
59 45 510
59 49 510
15 40 550
49 0 0
3 40 690
19 40 790
67 40 800
67 43 800
67 0 0
69 40 870
16 40 890
94 40 910
13 40 940
11 40 970
8 40 980
38 0 0
64 50 120
17 50 130
77 0 0
39 0 0
60 0 0
71 50 270
71 52 270
71 54 270
71 56 270
71 58 270
55 50 300
40 50 310
40 59 310
7 50 360
99 0 0
98 0 0
50 0 0
59 50 510
59 54 510
59 55 510
59 59 510
11 0 0
49 0 0
3 0 0
19 50 790
67 50 800
67 53 800
67 56 800
60 0 0
16 0 0
94 0 0
13 50 940
15 0 0
8 50 980
38 60 70
64 60 120
17 60 130
77 60 200
39 0 0
60 60 260
71 60 270
71 62 270
71 0 0
71 66 270
71 0 0
55 60 300
40 0 0
40 0 0
7 0 0
99 0 0
98 0 0
50 60 480
59 60 510
59 64 510
59 65 510
59 0 0
15 0 0
49 60 660
3 0 0
19 60 790
67 60 800
67 63 800
67 66 800
69 0 0
16 60 890
94 0 0
13 60 940
11 60 970
8 0 0
38 70 70
64 70 120
17 70 130
77 70 200
39 70 220
60 70 260
71 0 0
71 72 270
71 74 270
71 0 0
71 78 270
55 70 300
40 0 0
40 79 310
7 70 360
99 70 420
98 70 440
50 70 480
59 70 510
59 74 510
59 75 510
59 79 510
11 0 0
49 70 660
3 70 690
19 70 790
67 70 800
67 0 0
67 0 0
69 0 0
16 70 890
94 0 0
13 70 940
11 0 0
8 70 980
38 80 70
64 0 0
17 80 130
77 80 200
39 80 220
60 0 0
71 0 0
71 0 0
71 84 270
71 86 270
71 88 270
55 0 0
40 80 310
40 89 310
7 80 360
99 80 420
98 80 440
50 80 480
59 80 510
59 84 510
59 85 510
59 89 510
11 0 0
49 80 660
3 80 690
19 80 790
67 0 0
67 0 0
67 86 800
69 80 870
16 80 890
94 80 910
13 0 0
11 0 0
8 80 980
38 90 70
64 90 120
17 0 0
77 90 200
39 90 220
60 0 0
71 90 270
71 92 270
71 94 270
71 96 270
71 98 270
55 90 300
40 0 0
40 99 310
7 0 0
99 0 0
98 90 440
50 90 480
59 90 510
59 94 510
59 95 510
59 99 510
11 0 0
49 90 660
3 90 690
19 90 790
67 90 800
67 93 800
67 0 0
69 90 870
16 90 890
94 0 0
13 0 0
15 0 0
8 0 0
38 100 70
64 100 120
17 0 0
77 0 0
39 100 220
60 100 260
71 100 270
71 0 0
71 104 270
71 106 270
71 108 270
55 0 0
40 100 310
40 109 310
7 100 360
99 0 0
98 0 0
50 0 0
59 100 510
59 104 510
59 105 510
59 109 510
15 0 0
49 0 0
3 0 0
19 100 790
67 100 800
67 103 800
67 106 800
60 0 0
16 0 0
94 100 910
13 100 940
11 100 970
8 100 980
38 110 70
64 110 120
17 0 0
77 110 200
39 110 220
69 0 0
71 110 270
71 112 270
71 114 270
71 116 270
71 118 270
55 110 300
40 110 310
40 119 310
7 110 360
99 110 420
98 110 440
50 110 480
59 0 0
59 0 0
59 115 510
59 0 0
15 0 0
49 0 0
3 110 690
19 0 0
67 110 800
67 113 800
67 116 800
69 110 870
16 0 0
94 0 0
13 110 940
11 0 0
8 0 0
38 120 70
64 120 120
17 120 130
77 120 200
39 0 0
60 0 0
71 120 270
71 0 0
71 0 0
71 126 270
71 128 270
55 0 0
40 0 0
40 129 310
7 120 360
99 120 420
98 120 440
50 120 480
59 120 510
59 124 510
59 125 510
59 129 510
11 0 0
49 120 660
3 120 690
19 120 790
67 120 800
67 123 800
67 126 800
69 120 870
16 120 890
94 120 910
13 120 940
15 0 0
8 120 980
38 0 0
64 130 120
17 0 0
77 0 0
39 0 0
60 130 260
71 130 270
71 132 270
71 134 270
71 136 270
71 138 270
55 130 300
40 130 310
40 0 0
7 130 360
99 0 0
98 130 440
50 130 480
59 130 510
59 134 510
59 135 510
59 0 0
15 130 550
49 130 660
3 0 0
19 130 790
67 0 0
67 133 800
67 136 800
69 0 0
16 130 890
94 130 910
13 130 940
11 0 0
8 130 980
38 140 70
64 0 0
17 0 0
77 140 200
39 140 220
60 0 0
71 140 270
71 142 270
71 144 270
71 146 270
71 148 270
55 0 0
40 140 310
40 0 0
7 140 360
99 140 420
98 140 440
50 140 480
59 140 510
59 144 510
59 0 0
59 149 510
15 0 0
49 140 660
3 140 690
19 0 0
67 140 800
67 143 800
67 0 0
69 140 870
16 140 890
94 140 910
13 0 0
15 0 0
8 140 980
38 150 70
64 0 0
17 0 0
77 150 200
39 150 220
60 150 260
71 150 270
71 152 270
71 154 270
71 0 0
71 0 0
55 150 300
40 150 310
40 159 310
7 150 360
99 150 420
98 150 440
50 150 480
59 0 0
59 0 0
59 155 510
59 159 510
15 0 0
49 150 660
3 150 690
19 150 790
67 0 0
67 153 800
67 156 800
69 0 0
16 150 890
94 150 910
13 150 940
11 150 970
8 150 980
38 160 70
64 160 120
17 160 130
77 160 200
39 160 220
60 160 260
71 160 270
71 162 270
71 164 270
71 166 270
71 168 270
55 160 300
40 160 310
40 0 0
7 160 360
99 160 420
98 0 0
50 160 480
59 160 510
59 164 510
59 0 0
59 169 510
15 160 550
49 160 660
3 0 0
19 160 790
67 160 800
67 0 0
67 166 800
60 0 0
16 160 890
94 160 910
13 160 940
15 0 0
8 160 980
38 170 70
64 170 120
17 170 130
77 170 200
39 170 220
60 170 260
71 170 270
71 172 270
71 0 0
71 176 270
71 178 270
55 170 300
40 170 310
40 179 310
7 170 360
99 170 420
98 170 440
50 0 0
59 0 0
59 0 0
59 175 510
59 179 510
15 170 550
49 0 0
3 0 0
19 0 0
67 170 800
67 173 800
67 0 0
60 0 0
16 170 890
94 170 910
13 0 0
11 170 970
8 0 0
38 0 0
64 180 120
17 0 0
77 180 200
39 0 0
60 0 0
71 180 270
71 182 270
71 184 270
71 186 270
71 188 270
55 180 300
40 0 0
40 189 310
7 180 360
99 180 420
98 180 440
50 180 480
59 0 0
59 0 0
59 185 510
59 189 510
11 0 0
49 180 660
3 180 690
19 180 790
67 180 800
67 183 800
67 186 800
69 0 0
16 180 890
94 180 910
13 180 940
11 180 970
8 180 980
38 0 0
64 190 120
17 0 0
77 190 200
39 0 0
60 190 260
71 0 0
71 192 270
71 194 270
71 196 270
71 198 270
55 190 300
40 190 310
40 0 0
7 190 360
99 190 420
98 190 440
50 190 480
59 190 510
59 194 510
59 195 510
59 0 0
15 190 550
49 190 660
3 190 690
19 190 790
67 190 800
67 193 800
67 0 0
69 190 870
16 190 890
94 190 910
13 0 0
11 190 970
8 190 980
38 0 0
64 200 120
17 0 0
77 200 200
39 200 220
69 0 0
71 200 270
71 202 270
71 204 270
71 206 270
71 208 270
55 200 300
40 0 0
40 0 0
7 200 360
99 200 420
98 0 0
50 0 0
59 200 510
59 0 0
59 0 0
59 0 0
15 0 0
49 0 0
3 200 690
19 0 0
67 0 0
67 203 800
67 206 800
60 0 0
16 0 0
94 200 910
13 200 940
11 200 970
8 200 980
38 210 70
64 210 120
17 210 130
77 210 200
39 0 0
60 0 0
71 0 0
71 212 270
71 214 270
71 216 270
71 218 270
55 0 0
40 0 0
40 0 0
7 210 360
99 0 0
98 210 440
50 210 480
59 210 510
59 214 510
59 0 0
59 219 510
15 0 0
49 210 660
3 210 690
19 210 790
67 210 800
67 213 800
67 216 800
69 210 870
16 210 890
94 0 0
13 210 940
11 210 970
8 210 980
38 220 70
64 220 120
17 0 0
77 220 200
39 220 220
60 220 260
71 220 270
71 222 270
71 224 270
71 226 270
71 228 270
55 0 0
40 220 310
40 0 0
7 220 360
99 220 420
98 220 440
50 220 480
59 0 0
59 0 0
59 0 0
59 229 510
15 220 550
49 220 660
3 220 690
19 220 790
67 220 800
67 223 800
67 226 800
69 220 870
16 220 890
94 220 910
13 220 940
11 220 970
8 220 980
38 230 70
64 230 120
17 230 130
77 0 0
39 230 220
60 230 260
71 230 270
71 232 270
71 0 0
71 236 270
71 238 270
55 0 0
40 230 310
40 239 310
7 230 360
99 0 0
98 0 0
50 230 480
59 0 0
59 234 510
59 235 510
59 0 0
15 230 550
49 230 660
3 230 690
19 0 0
67 230 800
67 233 800
67 0 0
69 230 870
16 230 890
94 230 910
13 230 940
11 230 970
8 230 980
38 240 70
64 0 0
17 240 130
77 240 200
39 240 220
60 240 260
71 0 0
71 242 270
71 0 0
71 246 270
71 248 270
55 240 300
40 240 310
40 249 310
7 0 0
99 240 420
98 240 440
50 240 480
59 0 0
59 0 0
59 245 510
59 249 510
15 240 550
49 240 660
3 240 690
19 240 790
67 240 800
67 243 800
67 246 800
69 240 870
16 0 0
94 0 0
13 240 940
11 240 970
8 240 980
38 250 70
64 250 120
17 0 0
77 0 0
39 250 220
60 250 260
71 250 270
71 252 270
71 254 270
71 0 0
71 258 270
55 250 300
40 250 310
40 259 310
7 250 360
99 0 0
98 250 440
50 0 0
59 250 510
59 0 0
59 0 0
59 259 510
11 0 0
49 250 660
3 0 0
19 250 790
67 0 0
67 253 800
67 0 0
69 250 870
16 250 890
94 250 910
13 0 0
11 0 0
8 250 980
38 260 70
64 260 120
17 260 130
77 260 200
39 260 220
60 260 260
71 260 270
71 0 0
71 264 270
71 266 270
71 0 0
55 0 0
40 260 310
40 0 0
7 260 360
99 260 420
98 260 440
50 260 480
59 260 510
59 264 510
59 265 510
59 269 510
11 0 0
49 260 660
3 260 690
19 260 790
67 260 800
67 263 800
67 266 800
69 260 870
16 260 890
94 260 910
13 260 940
15 0 0
8 260 980
38 270 70
64 270 120
17 0 0
77 270 200
39 0 0
60 270 260
71 0 0
71 272 270
71 274 270
71 0 0
71 278 270
55 0 0
40 270 310
40 279 310
7 270 360
99 270 420
98 0 0
50 270 480
59 270 510
59 0 0
59 275 510
59 0 0
15 270 550
49 0 0
3 0 0
19 270 790
67 270 800
67 0 0
67 276 800
60 0 0
16 270 890
94 270 910
13 270 940
11 270 970
8 270 980
38 280 70
64 280 120
17 0 0
77 280 200
39 280 220
60 280 260
71 280 270
71 282 270
71 284 270
71 0 0
71 288 270
55 280 300
40 280 310
40 0 0
7 280 360
99 280 420
98 0 0
50 280 480
59 280 510
59 284 510
59 285 510
59 289 510
11 0 0
49 280 660
3 0 0
19 280 790
67 280 800
67 0 0
67 286 800
60 0 0
16 0 0
94 280 910
13 280 940
11 280 970
8 280 980
38 290 70
64 290 120
17 0 0
77 290 200
39 0 0
60 290 260
71 290 270
71 0 0
71 294 270
71 0 0
71 0 0
55 0 0
40 0 0
40 299 310
7 290 360
99 290 420
98 290 440
50 290 480
59 290 510
59 294 510
59 295 510
59 299 510
11 0 0
49 290 660
3 290 690
19 0 0
67 290 800
67 293 800
67 296 800
69 290 870
16 290 890
94 0 0
13 290 940
11 290 970
8 290 980
38 300 70
64 0 0
17 300 130
77 300 200
39 300 220
69 0 0
71 0 0
71 302 270
71 304 270
71 306 270
71 308 270
55 300 300
40 300 310
40 0 0
7 300 360
99 300 420
98 300 440
50 300 480
59 0 0
59 304 510
59 0 0
59 309 510
11 0 0
49 300 660
3 0 0
19 0 0
67 300 800
67 0 0
67 306 800
69 300 870
16 300 890
94 300 910
13 300 940
15 0 0
8 300 980
38 310 70
64 310 120
17 310 130
77 310 200
39 310 220
60 310 260
71 310 270
71 312 270
71 0 0
71 316 270
71 318 270
55 0 0
40 310 310
40 319 310
7 310 360
99 310 420
98 310 440
50 310 480
59 310 510
59 314 510
59 315 510
59 0 0
11 0 0
49 310 660
3 310 690
19 310 790
67 310 800
67 313 800
67 0 0
69 0 0
16 310 890
94 310 910
13 310 940
15 0 0
8 310 980
38 320 70
64 0 0
17 320 130
77 320 200
39 0 0
69 0 0
71 320 270
71 322 270
71 324 270
71 0 0
71 328 270
55 320 300
40 320 310
40 329 310
7 0 0
99 320 420
98 320 440
50 0 0
59 320 510
59 324 510
59 0 0
59 329 510
11 0 0
49 320 660
3 320 690
19 320 790
67 320 800
67 323 800
67 0 0
69 0 0
16 0 0
94 0 0
13 320 940
15 0 0
8 320 980
38 330 70
64 0 0
17 330 130
77 330 200
39 330 220
60 330 260
71 0 0
71 332 270
71 334 270
71 336 270
71 338 270
55 330 300
40 330 310
40 339 310
7 330 360
99 330 420
98 330 440
50 330 480
59 0 0
59 0 0
59 335 510
59 339 510
15 0 0
49 330 660
3 330 690
19 330 790
67 330 800
67 333 800
67 0 0
69 330 870
16 330 890
94 330 910
13 330 940
11 0 0
8 0 0
38 340 70
64 0 0
17 340 130
77 340 200
39 340 220
60 340 260
71 0 0
71 0 0
71 344 270
71 346 270
71 348 270
55 0 0
40 0 0
40 349 310
7 340 360
99 340 420
98 0 0
50 340 480
59 0 0
59 0 0
59 345 510
59 0 0
15 0 0
49 340 660
3 340 690
19 340 790
67 340 800
67 343 800
67 346 800
60 0 0
16 0 0
94 340 910
13 340 940
11 0 0
8 0 0
38 350 70
64 350 120
17 0 0
77 350 200
39 350 220
60 0 0
71 350 270
71 352 270
71 354 270
71 356 270
71 358 270
55 0 0
40 350 310
40 0 0
7 350 360
99 0 0
98 350 440
50 350 480
59 350 510
59 354 510
59 355 510
59 359 510
15 350 550
49 350 660
3 0 0
19 350 790
67 350 800
67 0 0
67 0 0
60 0 0
16 350 890
94 0 0
13 0 0
11 350 970
8 0 0
38 360 70
64 360 120
17 360 130
77 0 0
39 0 0
60 360 260
71 360 270
71 362 270
71 364 270
71 366 270
71 368 270
55 360 300
40 360 310
40 369 310
7 0 0
99 360 420
98 0 0
50 360 480
59 360 510
59 364 510
59 365 510
59 369 510
15 360 550
49 360 660
3 360 690
19 360 790
67 360 800
67 363 800
67 366 800
69 0 0
16 360 890
94 360 910
13 360 940
11 360 970
8 0 0
38 370 70
64 370 120
17 370 130
77 370 200
39 370 220
60 370 260
71 370 270
71 0 0
71 374 270
71 376 270
71 378 270
55 370 300
40 0 0
40 379 310
7 0 0
99 0 0
98 370 440
50 370 480
59 370 510
59 374 510
59 0 0
59 379 510
11 0 0
49 0 0
3 370 690
19 370 790
67 370 800
67 373 800
67 0 0
69 0 0
16 0 0
94 370 910
13 0 0
11 370 970
8 370 980
38 380 70
64 0 0
17 0 0
77 380 200
39 380 220
60 380 260
71 0 0
71 0 0
71 384 270
71 0 0
71 388 270
55 380 300
40 380 310
40 389 310
7 380 360
99 0 0
98 380 440
50 0 0
59 380 510
59 384 510
59 385 510
59 389 510
11 0 0
49 0 0
3 0 0
19 0 0
67 380 800
67 0 0
67 386 800
69 0 0
16 380 890
94 380 910
13 380 940
11 380 970
8 0 0
38 390 70
64 390 120
17 390 130
77 0 0
39 0 0
60 390 260
71 390 270
71 392 270
71 394 270
71 396 270
71 398 270
55 390 300
40 0 0
40 399 310
7 390 360
99 390 420
98 390 440
50 390 480
59 390 510
59 394 510
59 395 510
59 399 510
15 390 550
49 390 660
3 390 690
19 390 790
67 390 800
67 0 0
67 396 800
69 0 0
16 390 890
94 390 910
13 0 0
11 390 970
8 390 980
38 400 70
64 400 120
17 400 130
77 0 0
39 400 220
60 400 260
71 0 0
71 402 270
71 404 270
71 406 270
71 408 270
55 0 0
40 400 310
40 409 310
7 400 360
99 400 420
98 400 440
50 400 480
59 400 510
59 404 510
59 405 510
59 0 0
15 400 550
49 400 660
3 400 690
19 400 790
67 400 800
67 403 800
67 406 800
69 400 870
16 400 890
94 400 910
13 400 940
11 400 970
8 400 980
38 410 70
64 410 120
17 410 130
77 0 0
39 410 220
60 410 260
71 410 270
71 412 270
71 414 270
71 416 270
71 418 270
55 410 300
40 410 310
40 0 0
7 410 360
99 410 420
98 410 440
50 410 480
59 410 510
59 414 510
59 0 0
59 419 510
15 410 550
49 410 660
3 0 0
19 410 790
67 410 800
67 413 800
67 416 800
69 410 870
16 410 890
94 410 910
13 0 0
11 410 970
8 410 980
38 420 70
64 420 120
17 420 130
77 420 200
39 420 220
60 0 0
71 0 0
71 0 0
71 0 0
71 426 270
71 428 270
55 420 300
40 420 310
40 429 310
7 420 360
99 420 420
98 420 440
50 420 480
59 420 510
59 424 510
59 425 510
59 429 510
15 420 550
49 420 660
3 420 690
19 420 790
67 420 800
67 423 800
67 426 800
69 420 870
16 420 890
94 420 910
13 420 940
11 420 970
8 420 980
38 430 70
64 430 120
17 430 130
77 430 200
39 430 220
60 430 260
71 430 270
71 0 0
71 434 270
71 436 270
71 438 270
55 430 300
40 430 310
40 0 0
7 430 360
99 430 420
98 430 440
50 430 480
59 430 510
59 434 510
59 435 510
59 0 0
15 0 0
49 430 660
3 430 690
19 430 790
67 0 0
67 433 800
67 436 800
60 0 0
16 430 890
94 430 910
13 430 940
15 0 0
8 430 980
38 440 70
64 440 120
17 440 130
77 0 0
39 0 0
60 440 260
71 440 270
71 442 270
71 444 270
71 446 270
71 448 270
55 0 0
40 440 310
40 449 310
7 440 360
99 440 420
98 440 440
50 440 480
59 0 0
59 444 510
59 0 0
59 449 510
11 0 0
49 0 0
3 440 690
19 440 790
67 440 800
67 0 0
67 446 800
69 440 870
16 440 890
94 440 910
13 440 940
11 440 970
8 440 980
38 450 70
64 450 120
17 450 130
77 450 200
39 450 220
60 450 260
71 450 270
71 452 270
71 454 270
71 456 270
71 458 270
55 0 0
40 0 0
40 0 0
7 450 360
99 450 420
98 0 0
50 450 480
59 0 0
59 454 510
59 455 510
59 459 510
15 0 0
49 450 660
3 450 690
19 0 0
67 0 0
67 453 800
67 456 800
69 0 0
16 450 890
94 450 910
13 450 940
15 0 0
8 450 980
38 460 70
64 0 0
17 460 130
77 0 0
39 460 220
60 460 260
71 460 270
71 0 0
71 464 270
71 0 0
71 0 0
55 460 300
40 460 310
40 469 310
7 460 360
99 460 420
98 460 440
50 0 0
59 0 0
59 464 510
59 0 0
59 469 510
11 0 0
49 0 0
3 0 0
19 0 0
67 0 0
67 0 0
67 466 800
69 0 0
16 460 890
94 460 910
13 460 940
15 0 0
8 460 980
38 0 0
64 470 120
17 470 130
77 470 200
39 470 220
60 470 260
71 470 270
71 472 270
71 474 270
71 476 270
71 0 0
55 470 300
40 470 310
40 0 0
7 470 360
99 470 420
98 470 440
50 0 0
59 470 510
59 474 510
59 475 510
59 479 510
15 470 550
49 470 660
3 0 0
19 470 790
67 0 0
67 473 800
67 0 0
69 470 870
16 470 890
94 470 910
13 470 940
11 470 970
8 470 980
38 480 70
64 480 120
17 480 130
77 480 200
39 480 220
69 0 0
71 480 270
71 0 0
71 484 270
71 486 270
71 488 270
55 480 300
40 480 310
40 489 310
7 480 360
99 480 420
98 480 440
50 0 0
59 480 510
59 484 510
59 0 0
59 489 510
15 0 0
49 480 660
3 480 690
19 0 0
67 480 800
67 0 0
67 0 0
60 0 0
16 0 0
94 0 0
13 480 940
11 0 0
8 0 0
38 490 70
64 490 120
17 490 130
77 490 200
39 0 0
69 0 0
71 490 270
71 0 0
71 0 0
71 496 270
71 498 270
55 490 300
40 490 310
40 499 310
7 490 360
99 490 420
98 490 440
50 0 0
59 0 0
59 494 510
59 495 510
59 499 510
15 0 0
49 490 660
3 490 690
19 490 790
67 490 800
67 0 0
67 0 0
69 0 0
16 490 890
94 490 910
13 490 940
11 490 970
8 490 980
38 500 70
64 500 120
17 500 130
77 500 200
39 500 220
60 500 260
71 500 270
71 502 270
71 0 0
71 506 270
71 508 270
55 500 300
40 500 310
40 509 310
7 0 0
99 0 0
98 500 440
50 0 0
59 0 0
59 504 510
59 505 510
59 509 510
11 0 0
49 500 660
3 500 690
19 500 790
67 500 800
67 503 800
67 506 800
60 0 0
16 500 890
94 500 910
13 500 940
11 0 0
8 500 980
38 510 70
64 510 120
17 510 130
77 510 200
39 0 0
60 510 260
71 510 270
71 512 270
71 514 270
71 516 270
71 518 270
55 510 300
40 0 0
40 519 310
7 0 0
99 510 420
98 0 0
50 510 480
59 510 510
59 514 510
59 515 510
59 519 510
11 0 0
49 510 660
3 510 690
19 510 790
67 0 0
67 0 0
67 516 800
69 510 870
16 0 0
94 510 910
13 510 940
11 0 0
8 510 980
38 520 70
64 520 120
17 520 130
77 520 200
39 520 220
60 0 0
71 520 270
71 522 270
71 524 270
71 0 0
71 528 270
55 520 300
40 520 310
40 0 0
7 520 360
99 0 0
98 520 440
50 520 480
59 520 510
59 524 510
59 525 510
59 529 510
15 520 550
49 520 660
3 520 690
19 520 790
67 520 800
67 523 800
67 526 800
69 0 0
16 520 890
94 520 910
13 520 940
15 0 0
8 0 0
38 530 70
64 0 0
17 0 0
77 530 200
39 530 220
69 0 0
71 530 270
71 532 270
71 0 0
71 536 270
71 538 270
55 530 300
40 530 310
40 0 0
7 0 0
99 530 420
98 530 440
50 530 480
59 530 510
59 534 510
59 0 0
59 0 0
15 530 550
49 530 660
3 530 690
19 530 790
67 530 800
67 533 800
67 536 800
60 0 0
16 530 890
94 530 910
13 0 0
15 0 0
8 0 0
38 540 70
64 540 120
17 540 130
77 540 200
39 540 220
69 0 0
71 540 270
71 542 270
71 0 0
71 0 0
71 0 0
55 540 300
40 540 310
40 549 310
7 540 360
99 540 420
98 540 440
50 540 480
59 0 0
59 0 0
59 545 510
59 549 510
15 540 550
49 540 660
3 540 690
19 540 790
67 540 800
67 543 800
67 546 800
69 0 0
16 540 890
94 540 910
13 540 940
11 0 0
8 540 980
38 0 0
64 550 120
17 550 130
77 550 200
39 550 220
60 550 260
71 550 270
71 552 270
71 554 270
71 556 270
71 558 270
55 550 300
40 550 310
40 559 310
7 550 360
99 550 420
98 550 440
50 550 480
59 550 510
59 554 510
59 555 510
59 559 510
15 550 550
49 0 0
3 0 0
19 550 790
67 0 0
67 553 800
67 0 0
69 550 870
16 550 890
94 0 0
13 550 940
11 550 970
8 550 980
38 560 70
64 560 120
17 560 130
77 560 200
39 560 220
60 0 0
71 560 270
71 562 270
71 564 270
71 0 0
71 0 0
55 0 0
40 0 0
40 569 310
7 0 0
99 560 420
98 0 0
50 0 0
59 560 510
59 0 0
59 565 510
59 569 510
15 560 550
49 560 660
3 0 0
19 0 0
67 0 0
67 563 800
67 0 0
60 0 0
16 560 890
94 0 0
13 0 0
11 0 0
8 0 0
38 570 70
64 570 120
17 0 0
77 570 200
39 0 0
69 0 0
71 570 270
71 0 0
71 574 270
71 576 270
71 578 270
55 570 300
40 570 310
40 579 310
7 570 360
99 570 420
98 570 440
50 570 480
59 0 0
59 574 510
59 575 510
59 579 510
15 0 0
49 570 660
3 0 0
19 570 790
67 570 800
67 573 800
67 0 0
69 570 870
16 0 0
94 570 910
13 570 940
15 0 0
8 570 980
38 580 70
64 580 120
17 580 130
77 0 0
39 580 220
60 580 260
71 580 270
71 582 270
71 584 270
71 586 270
71 588 270
55 580 300
40 580 310
40 589 310
7 580 360
99 0 0
98 580 440
50 0 0
59 580 510
59 0 0
59 585 510
59 0 0
15 580 550
49 580 660
3 580 690
19 580 790
67 580 800
67 583 800
67 586 800
69 0 0
16 580 890
94 580 910
13 580 940
15 0 0
8 580 980
38 590 70
64 590 120
17 0 0
77 590 200
39 590 220
60 590 260
71 590 270
71 592 270
71 594 270
71 596 270
71 598 270
55 590 300
40 590 310
40 599 310
7 590 360
99 590 420
98 590 440
50 590 480
59 0 0
59 0 0
59 595 510
59 599 510
15 590 550
49 590 660
3 0 0
19 0 0
67 590 800
67 0 0
67 596 800
69 0 0
16 0 0
94 590 910
13 590 940
11 590 970
8 590 980
38 600 70
64 600 120
17 600 130
77 600 200
39 0 0
60 600 260
71 0 0
71 0 0
71 604 270
71 606 270
71 608 270
55 0 0
40 600 310
40 609 310
7 600 360
99 600 420
98 600 440
50 600 480
59 600 510
59 604 510
59 605 510
59 609 510
11 0 0
49 0 0
3 600 690
19 0 0
67 600 800
67 603 800
67 606 800
69 600 870
16 600 890
94 600 910
13 600 940
11 600 970
8 600 980
38 610 70
64 0 0
17 0 0
77 610 200
39 0 0
60 610 260
71 610 270
71 612 270
71 614 270
71 0 0
71 618 270
55 610 300
40 610 310
40 619 310
7 610 360
99 0 0
98 0 0
50 610 480
59 610 510
59 614 510
59 615 510
59 619 510
15 0 0
49 610 660
3 610 690
19 610 790
67 610 800
67 0 0
67 616 800
69 610 870
16 610 890
94 610 910
13 610 940
11 610 970
8 610 980
38 620 70
64 0 0
17 620 130
77 620 200
39 620 220
60 620 260
71 620 270
71 0 0
71 624 270
71 0 0
71 628 270
55 620 300
40 620 310
40 629 310
7 620 360
99 0 0
98 620 440
50 620 480
59 620 510
59 624 510
59 625 510
59 629 510
15 620 550
49 620 660
3 620 690
19 0 0
67 620 800
67 623 800
67 0 0
69 0 0
16 0 0
94 620 910
13 620 940
11 620 970
8 620 980
38 630 70
64 630 120
17 630 130
77 630 200
39 630 220
60 630 260
71 630 270
71 632 270
71 634 270
71 0 0
71 638 270
55 630 300
40 630 310
40 639 310
7 630 360
99 630 420
98 630 440
50 630 480
59 630 510
59 634 510
59 0 0
59 639 510
15 0 0
49 630 660
3 630 690
19 630 790
67 0 0
67 633 800
67 636 800
69 630 870
16 630 890
94 630 910
13 0 0
15 0 0
8 630 980
38 640 70
64 640 120
17 640 130
77 640 200
39 640 220
69 0 0
71 640 270
71 642 270
71 644 270
71 646 270
71 648 270
55 640 300
40 0 0
40 649 310
7 0 0
99 640 420
98 0 0
50 640 480
59 640 510
59 644 510
59 0 0
59 649 510
11 0 0
49 0 0
3 640 690
19 640 790
67 640 800
67 643 800
67 646 800
69 640 870
16 0 0
94 640 910
13 640 940
11 0 0
8 640 980
38 650 70
64 650 120
17 650 130
77 650 200
39 650 220
60 0 0
71 650 270
71 652 270
71 654 270
71 656 270
71 0 0
55 650 300
40 650 310
40 0 0
7 650 360
99 650 420
98 650 440
50 650 480
59 650 510
59 654 510
59 655 510
59 659 510
11 0 0
49 0 0
3 650 690
19 0 0
67 650 800
67 653 800
67 656 800
69 650 870
16 650 890
94 650 910
13 650 940
15 0 0
8 0 0
38 660 70
64 0 0
17 660 130
77 660 200
39 660 220
60 0 0
71 660 270
71 662 270
71 664 270
71 666 270
71 668 270
55 660 300
40 660 310
40 669 310
7 0 0
99 660 420
98 0 0
50 0 0
59 660 510
59 664 510
59 665 510
59 669 510
15 660 550
49 660 660
3 660 690
19 660 790
67 0 0
67 663 800
67 666 800
60 0 0
16 0 0
94 660 910
13 0 0
11 0 0
8 660 980
38 670 70
64 0 0
17 0 0
77 670 200
39 0 0
60 670 260
71 670 270
71 672 270
71 674 270
71 0 0
71 0 0
55 0 0
40 0 0
40 679 310
7 670 360
99 670 420
98 670 440
50 670 480
59 670 510
59 674 510
59 0 0
59 679 510
15 0 0
49 0 0
3 670 690
19 670 790
67 0 0
67 673 800
67 676 800
69 670 870
16 670 890
94 0 0
13 670 940
11 0 0
8 670 980
38 680 70
64 680 120
17 680 130
77 680 200
39 680 220
60 0 0
71 680 270
71 0 0
71 684 270
71 686 270
71 688 270
55 680 300
40 0 0
40 0 0
7 680 360
99 0 0
98 680 440
50 680 480
59 680 510
59 684 510
59 685 510
59 689 510
11 0 0
49 680 660
3 680 690
19 0 0
67 680 800
67 0 0
67 686 800
69 0 0
16 0 0
94 680 910
13 680 940
11 680 970
8 0 0
38 690 70
64 690 120
17 690 130
77 690 200
39 690 220
60 0 0
71 0 0
71 0 0
71 0 0
71 696 270
71 698 270
55 690 300
40 0 0
40 699 310
7 690 360
99 0 0
98 0 0
50 690 480
59 690 510
59 694 510
59 0 0
59 699 510
15 690 550
49 690 660
3 690 690
19 690 790
67 690 800
67 693 800
67 696 800
69 690 870
16 0 0
94 690 910
13 690 940
11 690 970
8 690 980
38 0 0
64 0 0
17 0 0
77 700 200
39 700 220
60 700 260
71 700 270
71 702 270
71 0 0
71 0 0
71 708 270
55 700 300
40 700 310
40 709 310
7 700 360
99 700 420
98 700 440
50 700 480
59 700 510
59 0 0
59 0 0
59 709 510
15 700 550
49 700 660
3 700 690
19 700 790
67 700 800
67 0 0
67 706 800
60 0 0
16 0 0
94 700 910
13 0 0
11 700 970
8 700 980
38 710 70
64 710 120
17 710 130
77 710 200
39 710 220
60 710 260
71 710 270
71 712 270
71 0 0
71 716 270
71 718 270
55 710 300
40 710 310
40 719 310
7 0 0
99 0 0
98 0 0
50 0 0
59 0 0
59 714 510
59 715 510
59 719 510
15 710 550
49 710 660
3 0 0
19 710 790
67 710 800
67 713 800
67 716 800
69 710 870
16 0 0
94 710 910
13 710 940
11 710 970
8 710 980
38 720 70
64 720 120
17 720 130
77 720 200
39 720 220
60 720 260
71 720 270
71 722 270
71 724 270
71 726 270
71 728 270
55 720 300
40 0 0
40 729 310
7 0 0
99 720 420
98 720 440
50 720 480
59 720 510
59 0 0
59 725 510
59 729 510
15 0 0
49 0 0
3 0 0
19 0 0
67 720 800
67 0 0
67 726 800
69 0 0
16 720 890
94 720 910
13 0 0
11 720 970
8 720 980
38 0 0
64 730 120
17 0 0
77 730 200
39 0 0
69 0 0
71 730 270
71 732 270
71 734 270
71 0 0
71 0 0
55 730 300
40 730 310
40 0 0
7 0 0
99 730 420
98 730 440
50 0 0
59 730 510
59 0 0
59 735 510
59 739 510
15 730 550
49 730 660
3 730 690
19 730 790
67 0 0
67 733 800
67 736 800
69 0 0
16 730 890
94 0 0
13 730 940
11 730 970
8 730 980
38 0 0
64 740 120
17 740 130
77 740 200
39 740 220
69 0 0
71 740 270
71 742 270
71 744 270
71 746 270
71 748 270
55 740 300
40 0 0
40 0 0
7 740 360
99 740 420
98 740 440
50 740 480
59 740 510
59 744 510
59 745 510
59 749 510
15 740 550
49 740 660
3 740 690
19 0 0
67 0 0
67 0 0
67 746 800
69 740 870
16 740 890
94 740 910
13 740 940
11 740 970
8 740 980
38 750 70
64 750 120
17 750 130
77 750 200
39 750 220
60 750 260
71 750 270
71 752 270
71 0 0
71 756 270
71 758 270
55 750 300
40 750 310
40 0 0
7 0 0
99 750 420
98 750 440
50 750 480
59 0 0
59 754 510
59 755 510
59 0 0
15 750 550
49 750 660
3 0 0
19 750 790
67 0 0
67 753 800
67 756 800
69 750 870
16 750 890
94 750 910
13 750 940
11 0 0
8 0 0
38 760 70
64 760 120
17 760 130
77 760 200
39 0 0
60 760 260
71 760 270
71 0 0
71 764 270
71 0 0
71 0 0
55 760 300
40 760 310
40 769 310
7 760 360
99 760 420
98 760 440
50 760 480
59 760 510
59 764 510
59 765 510
59 769 510
15 760 550
49 760 660
3 760 690
19 0 0
67 760 800
67 0 0
67 766 800
69 760 870
16 760 890
94 760 910
13 760 940
11 760 970
8 760 980
38 0 0
64 0 0
17 770 130
77 770 200
39 770 220
60 770 260
71 770 270
71 772 270
71 774 270
71 776 270
71 0 0
55 770 300
40 770 310
40 0 0
7 0 0
99 0 0
98 770 440
50 0 0
59 0 0
59 774 510
59 775 510
59 779 510
15 0 0
49 0 0
3 770 690
19 770 790
67 770 800
67 773 800
67 776 800
69 770 870
16 770 890
94 770 910
13 770 940
11 770 970
8 770 980
38 0 0
64 780 120
17 0 0
77 780 200
39 780 220
60 780 260
71 780 270
71 0 0
71 0 0
71 786 270
71 788 270
55 780 300
40 780 310
40 789 310
7 780 360
99 780 420
98 780 440
50 780 480
59 780 510
59 0 0
59 0 0
59 0 0
15 780 550
49 780 660
3 0 0
19 780 790
67 780 800
67 783 800
67 0 0
60 0 0
16 780 890
94 0 0
13 780 940
11 780 970
8 780 980
38 790 70
64 0 0
17 790 130
77 790 200
39 0 0
60 790 260
71 790 270
71 792 270
71 794 270
71 796 270
71 798 270
55 790 300
40 790 310
40 0 0
7 790 360
99 790 420
98 790 440
50 790 480
59 790 510
59 0 0
59 795 510
59 799 510
15 790 550
49 790 660
3 0 0
19 790 790
67 0 0
67 0 0
67 796 800
69 0 0
16 790 890
94 790 910
13 790 940
11 0 0
8 790 980
38 800 70
64 800 120
17 0 0
77 800 200
39 800 220
60 800 260
71 0 0
71 802 270
71 804 270
71 806 270
71 808 270
55 800 300
40 800 310
40 0 0
7 0 0
99 800 420
98 0 0
50 800 480
59 0 0
59 804 510
59 805 510
59 809 510
11 0 0
49 0 0
3 800 690
19 800 790
67 0 0
67 0 0
67 806 800
69 800 870
16 800 890
94 800 910
13 800 940
11 0 0
8 800 980
38 810 70
64 810 120
17 810 130
77 0 0
39 810 220
60 810 260
71 810 270
71 812 270
71 814 270
71 816 270
71 818 270
55 810 300
40 0 0
40 0 0
7 810 360
99 810 420
98 810 440
50 810 480
59 810 510
59 814 510
59 0 0
59 0 0
15 810 550
49 810 660
3 810 690
19 810 790
67 810 800
67 813 800
67 816 800
69 810 870
16 0 0
94 810 910
13 810 940
11 810 970
8 810 980
38 820 70
64 820 120
17 820 130
77 820 200
39 820 220
60 0 0
71 820 270
71 822 270
71 824 270
71 826 270
71 828 270
55 820 300
40 820 310
40 0 0
7 0 0
99 0 0
98 820 440
50 820 480
59 820 510
59 824 510
59 825 510
59 0 0
11 0 0
49 820 660
3 820 690
19 820 790
67 820 800
67 823 800
67 0 0
69 0 0
16 820 890
94 820 910
13 820 940
11 820 970
8 0 0
38 830 70
64 830 120
17 830 130
77 0 0
39 830 220
69 0 0
71 830 270
71 832 270
71 834 270
71 836 270
71 838 270
55 830 300
40 0 0
40 839 310
7 0 0
99 830 420
98 830 440
50 0 0
59 830 510
59 0 0
59 835 510
59 0 0
11 0 0
49 0 0
3 830 690
19 830 790
67 830 800
67 833 800
67 0 0
60 0 0
16 830 890
94 830 910
13 830 940
11 830 970
8 0 0
38 840 70
64 840 120
17 0 0
77 0 0
39 840 220
60 0 0
71 840 270
71 842 270
71 844 270
71 0 0
71 0 0
55 840 300
40 0 0
40 849 310
7 0 0
99 840 420
98 840 440
50 840 480
59 840 510
59 0 0
59 845 510
59 849 510
15 840 550
49 0 0
3 840 690
19 840 790
67 840 800
67 843 800
67 0 0
69 0 0
16 840 890
94 840 910
13 840 940
11 840 970
8 840 980
38 850 70
64 850 120
17 850 130
77 850 200
39 850 220
60 850 260
71 0 0
71 852 270
71 0 0
71 0 0
71 858 270
55 850 300
40 850 310
40 859 310
7 850 360
99 0 0
98 850 440
50 850 480
59 0 0
59 0 0
59 855 510
59 859 510
11 0 0
49 850 660
3 850 690
19 850 790
67 850 800
67 853 800
67 856 800
60 0 0
16 850 890
94 850 910
13 850 940
15 0 0
8 850 980
38 860 70
64 860 120
17 860 130
77 860 200
39 860 220
60 0 0
71 860 270
71 862 270
71 0 0
71 866 270
71 868 270
55 860 300
40 860 310
40 869 310
7 860 360
99 0 0
98 860 440
50 860 480
59 0 0
59 864 510
59 865 510
59 869 510
15 0 0
49 860 660
3 860 690
19 860 790
67 860 800
67 863 800
67 866 800
60 0 0
16 860 890
94 860 910
13 0 0
11 860 970
8 860 980
38 870 70
64 870 120
17 870 130
77 870 200
39 870 220
60 870 260
71 870 270
71 872 270
71 874 270
71 876 270
71 878 270
55 870 300
40 870 310
40 879 310
7 0 0
99 870 420
98 870 440
50 0 0
59 870 510
59 874 510
59 0 0
59 879 510
15 870 550
49 0 0
3 870 690
19 870 790
67 870 800
67 873 800
67 876 800
69 870 870
16 870 890
94 870 910
13 0 0
11 0 0
8 0 0
38 880 70
64 0 0
17 880 130
77 0 0
39 880 220
60 0 0
71 880 270
71 882 270
71 884 270
71 886 270
71 0 0
55 0 0
40 880 310
40 889 310
7 880 360
99 880 420
98 880 440
50 880 480
59 880 510
59 884 510
59 885 510
59 0 0
15 0 0
49 0 0
3 0 0
19 880 790
67 880 800
67 883 800
67 0 0
60 0 0
16 880 890
94 880 910
13 0 0
11 880 970
8 880 980
38 890 70
64 890 120
17 890 130
77 890 200
39 890 220
60 890 260
71 0 0
71 892 270
71 0 0
71 896 270
71 898 270
55 0 0
40 890 310
40 899 310
7 890 360
99 0 0
98 890 440
50 890 480
59 890 510
59 894 510
59 895 510
59 899 510
15 890 550
49 890 660
3 890 690
19 890 790
67 890 800
67 0 0
67 896 800
69 890 870
16 890 890
94 890 910
13 890 940
11 0 0
8 890 980
38 900 70
64 900 120
17 900 130
77 900 200
39 900 220
60 0 0
71 0 0
71 0 0
71 904 270
71 906 270
71 0 0
55 0 0
40 900 310
40 909 310
7 900 360
99 900 420
98 900 440
50 900 480
59 900 510
59 0 0
59 905 510
59 909 510
15 900 550
49 900 660
3 0 0
19 900 790
67 900 800
67 903 800
67 0 0
69 900 870
16 0 0
94 900 910
13 900 940
15 0 0
8 900 980
38 910 70
64 0 0
17 910 130
77 0 0
39 910 220
60 910 260
71 910 270
71 912 270
71 914 270
71 0 0
71 918 270
55 910 300
40 910 310
40 919 310
7 910 360
99 910 420
98 910 440
50 910 480
59 910 510
59 0 0
59 915 510
59 0 0
15 910 550
49 910 660
3 910 690
19 910 790
67 910 800
67 913 800
67 0 0
69 910 870
16 910 890
94 910 910
13 910 940
15 0 0
8 910 980
38 920 70
64 920 120
17 920 130
77 0 0
39 0 0
60 0 0
71 920 270
71 0 0
71 0 0
71 926 270
71 0 0
55 920 300
40 920 310
40 929 310
7 0 0
99 920 420
98 920 440
50 920 480
59 0 0
59 0 0
59 0 0
59 929 510
15 920 550
49 920 660
3 920 690
19 0 0
67 920 800
67 923 800
67 926 800
69 920 870
16 920 890
94 920 910
13 920 940
11 920 970
8 920 980
38 0 0
64 930 120
17 930 130
77 0 0
39 930 220
69 0 0
71 0 0
71 932 270
71 934 270
71 936 270
71 0 0
55 930 300
40 0 0
40 939 310
7 930 360
99 930 420
98 0 0
50 930 480
59 0 0
59 934 510
59 935 510
59 0 0
15 0 0
49 930 660
3 930 690
19 930 790
67 930 800
67 0 0
67 936 800
69 0 0
16 930 890
94 930 910
13 930 940
15 0 0
8 930 980
38 940 70
64 940 120
17 940 130
77 940 200
39 940 220
60 0 0
71 940 270
71 0 0
71 944 270
71 946 270
71 948 270
55 940 300
40 0 0
40 949 310
7 940 360
99 0 0
98 0 0
50 0 0
59 0 0
59 944 510
59 945 510
59 949 510
11 0 0
49 940 660
3 940 690
19 0 0
67 940 800
67 943 800
67 946 800
69 940 870
16 940 890
94 940 910
13 940 940
11 0 0
8 940 980
38 950 70
64 950 120
17 0 0
77 950 200
39 950 220
60 0 0
71 0 0
71 952 270
71 954 270
71 956 270
71 958 270
55 0 0
40 950 310
40 959 310
7 0 0
99 950 420
98 950 440
50 950 480
59 950 510
59 954 510
59 955 510
59 959 510
15 950 550
49 950 660
3 950 690
19 950 790
67 950 800
67 953 800
67 0 0
69 950 870
16 0 0
94 950 910
13 0 0
11 950 970
8 950 980
38 960 70
64 960 120
17 960 130
77 0 0
39 960 220
60 0 0
71 960 270
71 962 270
71 964 270
71 966 270
71 0 0
55 960 300
40 0 0
40 0 0
7 960 360
99 0 0
98 960 440
50 0 0
59 960 510
59 0 0
59 965 510
59 0 0
11 0 0
49 960 660
3 960 690
19 960 790
67 0 0
67 0 0
67 966 800
69 960 870
16 0 0
94 960 910
13 960 940
11 0 0
8 960 980
38 970 70
64 0 0
17 970 130
77 970 200
39 970 220
60 0 0
71 970 270
71 972 270
71 974 270
71 976 270
71 978 270
55 970 300
40 970 310
40 979 310
7 970 360
99 970 420
98 970 440
50 970 480
59 0 0
59 0 0
59 975 510
59 979 510
15 0 0
49 970 660
3 970 690
19 0 0
67 970 800
67 0 0
67 0 0
69 970 870
16 0 0
94 970 910
13 970 940
15 0 0
8 0 0
38 980 70
64 0 0
17 0 0
77 980 200
39 980 220
69 0 0
71 980 270
71 982 270
71 984 270
71 986 270
71 988 270
55 980 300
40 980 310
40 989 310
7 0 0
99 980 420
98 980 440
50 980 480
59 0 0
59 984 510
59 0 0
59 0 0
15 0 0
49 0 0
3 980 690
19 980 790
67 0 0
67 983 800
67 0 0
60 0 0
16 980 890
94 980 910
13 980 940
15 0 0
8 980 980
38 0 0
64 990 120
17 0 0
77 990 200
39 990 220
60 990 260
71 990 270
71 992 270
71 994 270
71 996 270
71 998 270
55 990 300
40 990 310
40 999 310
7 990 360
99 990 420
98 990 440
50 990 480
59 990 510
59 994 510
59 995 510
59 999 510
15 990 550
49 0 0
3 990 690
19 990 790
67 990 800
67 993 800
67 0 0
69 0 0
16 990 890
94 0 0
13 990 940
11 990 970
8 990 980
186 0 10
186 4 10
110 0 60
110 0 62
169 0 80
169 0 85
163 0 210
163 0 215
193 0 230
193 0 231
142 0 277
142 1 277
142 2 277
142 3 277
142 4 277
142 5 277
142 6 277
134 1 310
121 0 350
192 0 410
192 0 412
191 0 460
138 1 510
138 1 514
138 6 510
138 6 514
112 0 570
112 0 571
199 0 680
199 1 680
195 0 808
195 3 808
195 6 808
129 0 810
180 0 840
180 0 841
137 0 880
185 5 910
185 5 911
185 5 912
186 10 10
186 14 10
110 10 60
110 10 62
169 10 80
169 10 85
163 10 210
163 10 215
193 10 230
193 10 231
142 10 277
142 11 277
142 12 277
142 13 277
142 14 277
142 15 277
142 16 277
134 11 310
121 10 350
192 10 410
192 10 412
191 10 460
138 11 510
138 11 514
138 16 510
138 16 514
112 10 570
112 10 571
199 10 680
199 11 680
195 10 808
195 13 808
195 16 808
129 10 810
180 10 840
180 10 841
137 10 880
185 15 910
185 15 911
185 15 912
186 20 10
186 24 10
110 20 60
110 20 62
169 20 80
169 20 85
163 20 210
163 20 215
193 20 230
193 20 231
142 20 277
142 21 277
142 22 277
142 23 277
142 24 277
142 25 277
142 26 277
134 21 310
121 20 350
192 20 410
192 20 412
191 20 460
138 21 510
138 21 514
138 26 510
138 26 514
112 20 570
112 20 571
199 20 680
199 21 680
195 20 808
195 23 808
195 26 808
129 20 810
180 20 840
180 20 841
137 20 880
185 25 910
185 25 911
185 25 912
186 30 10
186 34 10
110 30 60
110 30 62
169 30 80
169 30 85
163 30 210
163 30 215
193 30 230
193 30 231
142 30 277
142 31 277
142 32 277
142 33 277
142 34 277
142 35 277
142 36 277
134 31 310
121 30 350
192 30 410
192 30 412
191 30 460
138 31 510
138 31 514
138 36 510
138 36 514
112 30 570
112 30 571
199 30 680
199 31 680
195 30 808
195 33 808
195 36 808
129 30 810
180 30 840
180 30 841
137 30 880
185 35 910
185 35 911
185 35 912
186 40 10
186 44 10
110 40 60
110 40 62
169 40 80
169 40 85
163 40 210
163 40 215
193 40 230
193 40 231
142 40 277
142 41 277
142 42 277
142 43 277
142 44 277
142 45 277
142 46 277
134 41 310
121 40 350
192 40 410
192 40 412
191 40 460
138 41 510
138 41 514
138 46 510
138 46 514
112 40 570
112 40 571
199 40 680
199 41 680
195 40 808
195 43 808
195 46 808
129 40 810
180 40 840
180 40 841
137 40 880
185 45 910
185 45 911
185 45 912
186 50 10
186 54 10
110 50 60
110 50 62
169 50 80
169 50 85
163 50 210
163 50 215
193 50 230
193 50 231
142 50 277
142 51 277
142 52 277
142 53 277
142 54 277
142 55 277
142 56 277
134 51 310
121 50 350
192 50 410
192 50 412
191 50 460
138 51 510
138 51 514
138 56 510
138 56 514
112 50 570
112 50 571
199 50 680
199 51 680
195 50 808
195 53 808
195 56 808
129 50 810
180 50 840
180 50 841
137 50 880
185 55 910
185 55 911
185 55 912
186 60 10
186 64 10
110 60 60
110 60 62
169 60 80
169 60 85
163 60 210
163 60 215
193 60 230
193 60 231
142 60 277
142 61 277
142 62 277
142 63 277
142 64 277
142 65 277
142 66 277
134 61 310
121 60 350
192 60 410
192 60 412
191 60 460
138 61 510
138 61 514
138 66 510
138 66 514
112 60 570
112 60 571
199 60 680
199 61 680
195 60 808
195 63 808
195 66 808
129 60 810
180 60 840
180 60 841
137 60 880
185 65 910
185 65 911
185 65 912
186 70 10
186 74 10
110 70 60
110 70 62
169 70 80
169 70 85
163 70 210
163 70 215
193 70 230
193 70 231
142 70 277
142 71 277
142 72 277
142 73 277
142 74 277
142 75 277
142 76 277
134 71 310
121 70 350
192 70 410
192 70 412
191 70 460
138 71 510
138 71 514
138 76 510
138 76 514
112 70 570
112 70 571
199 70 680
199 71 680
195 70 808
195 73 808
195 76 808
129 70 810
180 70 840
180 70 841
137 70 880
185 75 910
185 75 911
185 75 912
186 80 10
186 84 10
110 80 60
110 80 62
169 80 80
169 80 85
163 80 210
163 80 215
193 80 230
193 80 231
142 80 277
142 81 277
142 82 277
142 83 277
142 84 277
142 85 277
142 86 277
134 81 310
121 80 350
192 80 410
192 80 412
191 80 460
138 81 510
138 81 514
138 86 510
138 86 514
112 80 570
112 80 571
199 80 680
199 81 680
195 80 808
195 83 808
195 86 808
129 80 810
180 80 840
180 80 841
137 80 880
185 85 910
185 85 911
185 85 912
186 90 10
186 94 10
110 90 60
110 90 62
169 90 80
169 90 85
163 90 210
163 90 215
193 90 230
193 90 231
142 90 277
142 91 277
142 92 277
142 93 277
142 94 277
142 95 277
142 96 277
134 91 310
121 90 350
192 90 410
192 90 412
191 90 460
138 91 510
138 91 514
138 96 510
138 96 514
112 90 570
112 90 571
199 90 680
199 91 680
195 90 808
195 93 808
195 96 808
129 90 810
180 90 840
180 90 841
137 90 880
185 95 910
185 95 911
185 95 912
186 100 10
186 104 10
110 100 60
110 100 62
169 100 80
169 100 85
163 100 210
163 100 215
193 100 230
193 100 231
142 100 277
142 101 277
142 102 277
142 103 277
142 104 277
142 105 277
142 106 277
134 101 310
121 100 350
192 100 410
192 100 412
191 100 460
138 101 510
138 101 514
138 106 510
138 106 514
112 100 570
112 100 571
199 100 680
199 101 680
195 100 808
195 103 808
195 106 808
129 100 810
180 100 840
180 100 841
137 100 880
185 105 910
185 105 911
185 105 912
186 110 10
186 114 10
110 110 60
110 110 62
169 110 80
169 110 85
163 110 210
163 110 215
193 110 230
193 110 231
142 110 277
142 111 277
142 112 277
142 113 277
142 114 277
142 115 277
142 116 277
134 111 310
121 110 350
192 110 410
192 110 412
191 110 460
138 111 510
138 111 514
138 116 510
138 116 514
112 110 570
112 110 571
199 110 680
199 111 680
195 110 808
195 113 808
195 116 808
129 110 810
180 110 840
180 110 841
137 110 880
185 115 910
185 115 911
185 115 912
186 120 10
186 124 10
110 120 60
110 120 62
169 120 80
169 120 85
163 120 210
163 120 215
193 120 230
193 120 231
142 120 277
142 121 277
142 122 277
142 123 277
142 124 277
142 125 277
142 126 277
134 121 310
121 120 350
192 120 410
192 120 412
191 120 460
138 121 510
138 121 514
138 126 510
138 126 514
112 120 570
112 120 571
199 120 680
199 121 680
195 120 808
195 123 808
195 126 808
129 120 810
180 120 840
180 120 841
137 120 880
185 125 910
185 125 911
185 125 912
186 130 10
186 134 10
110 130 60
110 130 62
169 130 80
169 130 85
163 130 210
163 130 215
193 130 230
193 130 231
142 130 277
142 131 277
142 132 277
142 133 277
142 134 277
142 135 277
142 136 277
134 131 310
121 130 350
192 130 410
192 130 412
191 130 460
138 131 510
138 131 514
138 136 510
138 136 514
112 130 570
112 130 571
199 130 680
199 131 680
195 130 808
195 133 808
195 136 808
129 130 810
180 130 840
180 130 841
137 130 880
185 135 910
185 135 911
185 135 912
186 140 10
186 144 10
110 140 60
110 140 62
169 140 80
169 140 85
163 140 210
163 140 215
193 140 230
193 140 231
142 140 277
142 141 277
142 142 277
142 143 277
142 144 277
142 145 277
142 146 277
134 141 310
121 140 350
192 140 410
192 140 412
191 140 460
138 141 510
138 141 514
138 146 510
138 146 514
112 140 570
112 140 571
199 140 680
199 141 680
195 140 808
195 143 808
195 146 808
129 140 810
180 140 840
180 140 841
137 140 880
185 145 910
185 145 911
185 145 912
186 150 10
186 154 10
110 150 60
110 150 62
169 150 80
169 150 85
163 150 210
163 150 215
193 150 230
193 150 231
142 150 277
142 151 277
142 152 277
142 153 277
142 154 277
142 155 277
142 156 277
134 151 310
121 150 350
192 150 410
192 150 412
191 150 460
138 151 510
138 151 514
138 156 510
138 156 514
112 150 570
112 150 571
199 150 680
199 151 680
195 150 808
195 153 808
195 156 808
129 150 810
180 150 840
180 150 841
137 150 880
185 155 910
185 155 911
185 155 912
186 160 10
186 164 10
110 160 60
110 160 62
169 160 80
169 160 85
163 160 210
163 160 215
193 160 230
193 160 231
142 160 277
142 161 277
142 162 277
142 163 277
142 164 277
142 165 277
142 166 277
134 161 310
121 160 350
192 160 410
192 160 412
191 160 460
138 161 510
138 161 514
138 166 510
138 166 514
112 160 570
112 160 571
199 160 680
199 161 680
195 160 808
195 163 808
195 166 808
129 160 810
180 160 840
180 160 841
137 160 880
185 165 910
185 165 911
185 165 912
186 170 10
186 174 10
110 170 60
110 170 62
169 170 80
169 170 85
163 170 210
163 170 215
193 170 230
193 170 231
142 170 277
142 171 277
142 172 277
142 173 277
142 174 277
142 175 277
142 176 277
134 171 310
121 170 350
192 170 410
192 170 412
191 170 460
138 171 510
138 171 514
138 176 510
138 176 514
112 170 570
112 170 571
199 170 680
199 171 680
195 170 808
195 173 808
195 176 808
129 170 810
180 170 840
180 170 841
137 170 880
185 175 910
185 175 911
185 175 912
186 180 10
186 184 10
110 180 60
110 180 62
169 180 80
169 180 85
163 180 210
163 180 215
193 180 230
193 180 231
142 180 277
142 181 277
142 182 277
142 183 277
142 184 277
142 185 277
142 186 277
134 181 310
121 180 350
192 180 410
192 180 412
191 180 460
138 181 510
138 181 514
138 186 510
138 186 514
112 180 570
112 180 571
199 180 680
199 181 680
195 180 808
195 183 808
195 186 808
129 180 810
180 180 840
180 180 841
137 180 880
185 185 910
185 185 911
185 185 912
186 190 10
186 194 10
110 190 60
110 190 62
169 190 80
169 190 85
163 190 210
163 190 215
193 190 230
193 190 231
142 190 277
142 191 277
142 192 277
142 193 277
142 194 277
142 195 277
142 196 277
134 191 310
121 190 350
192 190 410
192 190 412
191 190 460
138 191 510
138 191 514
138 196 510
138 196 514
112 190 570
112 190 571
199 190 680
199 191 680
195 190 808
195 193 808
195 196 808
129 190 810
180 190 840
180 190 841
137 190 880
185 195 910
185 195 911
185 195 912
186 200 10
186 204 10
110 200 60
110 200 62
169 200 80
169 200 85
163 200 210
163 200 215
193 200 230
193 200 231
142 200 277
142 201 277
142 202 277
142 203 277
142 204 277
142 205 277
142 206 277
134 201 310
121 200 350
192 200 410
192 200 412
191 200 460
138 201 510
138 201 514
138 206 510
138 206 514
112 200 570
112 200 571
199 200 680
199 201 680
195 200 808
195 203 808
195 206 808
129 200 810
180 200 840
180 200 841
137 200 880
185 205 910
185 205 911
185 205 912
186 210 10
186 214 10
110 210 60
110 210 62
169 210 80
169 210 85
163 210 210
163 210 215
193 210 230
193 210 231
142 210 277
142 211 277
142 212 277
142 213 277
142 214 277
142 215 277
142 216 277
134 211 310
121 210 350
192 210 410
192 210 412
191 210 460
138 211 510
138 211 514
138 216 510
138 216 514
112 210 570
112 210 571
199 210 680
199 211 680
195 210 808
195 213 808
195 216 808
129 210 810
180 210 840
180 210 841
137 210 880
185 215 910
185 215 911
185 215 912
186 220 10
186 224 10
110 220 60
110 220 62
169 220 80
169 220 85
163 220 210
163 220 215
193 220 230
193 220 231
142 220 277
142 221 277
142 222 277
142 223 277
142 224 277
142 225 277
142 226 277
134 221 310
121 220 350
192 220 410
192 220 412
191 220 460
138 221 510
138 221 514
138 226 510
138 226 514
112 220 570
112 220 571
199 220 680
199 221 680
195 220 808
195 223 808
195 226 808
129 220 810
180 220 840
180 220 841
137 220 880
185 225 910
185 225 911
185 225 912
186 230 10
186 234 10
110 230 60
110 230 62
169 230 80
169 230 85
163 230 210
163 230 215
193 230 230
193 230 231
142 230 277
142 231 277
142 232 277
142 233 277
142 234 277
142 235 277
142 236 277
134 231 310
121 230 350
192 230 410
192 230 412
191 230 460
138 231 510
138 231 514
138 236 510
138 236 514
112 230 570
112 230 571
199 230 680
199 231 680
195 230 808
195 233 808
195 236 808
129 230 810
180 230 840
180 230 841
137 230 880
185 235 910
185 235 911
185 235 912
186 240 10
186 244 10
110 240 60
110 240 62
169 240 80
169 240 85
163 240 210
163 240 215
193 240 230
193 240 231
142 240 277
142 241 277
142 242 277
142 243 277
142 244 277
142 245 277
142 246 277
134 241 310
121 240 350
192 240 410
192 240 412
191 240 460
138 241 510
138 241 514
138 246 510
138 246 514
112 240 570
112 240 571
199 240 680
199 241 680
195 240 808
195 243 808
195 246 808
129 240 810
180 240 840
180 240 841
137 240 880
185 245 910
185 245 911
185 245 912
186 250 10
186 254 10
110 250 60
110 250 62
169 250 80
169 250 85
163 250 210
163 250 215
193 250 230
193 250 231
142 250 277
142 251 277
142 252 277
142 253 277
142 254 277
142 255 277
142 256 277
134 251 310
121 250 350
192 250 410
192 250 412
191 250 460
138 251 510
138 251 514
138 256 510
138 256 514
112 250 570
112 250 571
199 250 680
199 251 680
195 250 808
195 253 808
195 256 808
129 250 810
180 250 840
180 250 841
137 250 880
185 255 910
185 255 911
185 255 912
186 260 10
186 264 10
110 260 60
110 260 62
169 260 80
169 260 85
163 260 210
163 260 215
193 260 230
193 260 231
142 260 277
142 261 277
142 262 277
142 263 277
142 264 277
142 265 277
142 266 277
134 261 310
121 260 350
192 260 410
192 260 412
191 260 460
138 261 510
138 261 514
138 266 510
138 266 514
112 260 570
112 260 571
199 260 680
199 261 680
195 260 808
195 263 808
195 266 808
129 260 810
180 260 840
180 260 841
137 260 880
185 265 910
185 265 911
185 265 912
186 270 10
186 274 10
110 270 60
110 270 62
169 270 80
169 270 85
163 270 210
163 270 215
193 270 230
193 270 231
142 270 277
142 271 277
142 272 277
142 273 277
142 274 277
142 275 277
142 276 277
134 271 310
121 270 350
192 270 410
192 270 412
191 270 460
138 271 510
138 271 514
138 276 510
138 276 514
112 270 570
112 270 571
199 270 680
199 271 680
195 270 808
195 273 808
195 276 808
129 270 810
180 270 840
180 270 841
137 270 880
185 275 910
185 275 911
185 275 912
186 280 10
186 284 10
110 280 60
110 280 62
169 280 80
169 280 85
163 280 210
163 280 215
193 280 230
193 280 231
142 280 277
142 281 277
142 282 277
142 283 277
142 284 277
142 285 277
142 286 277
134 281 310
121 280 350
192 280 410
192 280 412
191 280 460
138 281 510
138 281 514
138 286 510
138 286 514
112 280 570
112 280 571
199 280 680
199 281 680
195 280 808
195 283 808
195 286 808
129 280 810
180 280 840
180 280 841
137 280 880
185 285 910
185 285 911
185 285 912
186 290 10
186 294 10
110 290 60
110 290 62
169 290 80
169 290 85
163 290 210
163 290 215
193 290 230
193 290 231
142 290 277
142 291 277
142 292 277
142 293 277
142 294 277
142 295 277
142 296 277
134 291 310
121 290 350
192 290 410
192 290 412
191 290 460
138 291 510
138 291 514
138 296 510
138 296 514
112 290 570
112 290 571
199 290 680
199 291 680
195 290 808
195 293 808
195 296 808
129 290 810
180 290 840
180 290 841
137 290 880
185 295 910
185 295 911
185 295 912
186 300 10
186 304 10
110 300 60
110 300 62
169 300 80
169 300 85
163 300 210
163 300 215
193 300 230
193 300 231
142 300 277
142 301 277
142 302 277
142 303 277
142 304 277
142 305 277
142 306 277
134 301 310
121 300 350
192 300 410
192 300 412
191 300 460
138 301 510
138 301 514
138 306 510
138 306 514
112 300 570
112 300 571
199 300 680
199 301 680
195 300 808
195 303 808
195 306 808
129 300 810
180 300 840
180 300 841
137 300 880
185 305 910
185 305 911
185 305 912
186 310 10
186 314 10
110 310 60
110 310 62
169 310 80
169 310 85
163 310 210
163 310 215
193 310 230
193 310 231
142 310 277
142 311 277
142 312 277
142 313 277
142 314 277
142 315 277
142 316 277
134 311 310
121 310 350
192 310 410
192 310 412
191 310 460
138 311 510
138 311 514
138 316 510
138 316 514
112 310 570
112 310 571
199 310 680
199 311 680
195 310 808
195 313 808
195 316 808
129 310 810
180 310 840
180 310 841
137 310 880
185 315 910
185 315 911
185 315 912
186 320 10
186 324 10
110 320 60
110 320 62
169 320 80
169 320 85
163 320 210
163 320 215
193 320 230
193 320 231
142 320 277
142 321 277
142 322 277
142 323 277
142 324 277
142 325 277
142 326 277
134 321 310
121 320 350
192 320 410
192 320 412
191 320 460
138 321 510
138 321 514
138 326 510
138 326 514
112 320 570
112 320 571
199 320 680
199 321 680
195 320 808
195 323 808
195 326 808
129 320 810
180 320 840
180 320 841
137 320 880
185 325 910
185 325 911
185 325 912
186 330 10
186 334 10
110 330 60
110 330 62
169 330 80
169 330 85
163 330 210
163 330 215
193 330 230
193 330 231
142 330 277
142 331 277
142 332 277
142 333 277
142 334 277
142 335 277
142 336 277
134 331 310
121 330 350
192 330 410
192 330 412
191 330 460
138 331 510
138 331 514
138 336 510
138 336 514
112 330 570
112 330 571
199 330 680
199 331 680
195 330 808
195 333 808
195 336 808
129 330 810
180 330 840
180 330 841
137 330 880
185 335 910
185 335 911
185 335 912
186 340 10
186 344 10
110 340 60
110 340 62
169 340 80
169 340 85
163 340 210
163 340 215
193 340 230
193 340 231
142 340 277
142 341 277
142 342 277
142 343 277
142 344 277
142 345 277
142 346 277
134 341 310
121 340 350
192 340 410
192 340 412
191 340 460
138 341 510
138 341 514
138 346 510
138 346 514
112 340 570
112 340 571
199 340 680
199 341 680
195 340 808
195 343 808
195 346 808
129 340 810
180 340 840
180 340 841
137 340 880
185 345 910
185 345 911
185 345 912
186 350 10
186 354 10
110 350 60
110 350 62
169 350 80
169 350 85
163 350 210
163 350 215
193 350 230
193 350 231
142 350 277
142 351 277
142 352 277
142 353 277
142 354 277
142 355 277
142 356 277
134 351 310
121 350 350
192 350 410
192 350 412
191 350 460
138 351 510
138 351 514
138 356 510
138 356 514
112 350 570
112 350 571
199 350 680
199 351 680
195 350 808
195 353 808
195 356 808
129 350 810
180 350 840
180 350 841
137 350 880
185 355 910
185 355 911
185 355 912
186 360 10
186 364 10
110 360 60
110 360 62
169 360 80
169 360 85
163 360 210
163 360 215
193 360 230
193 360 231
142 360 277
142 361 277
142 362 277
142 363 277
142 364 277
142 365 277
142 366 277
134 361 310
121 360 350
192 360 410
192 360 412
191 360 460
138 361 510
138 361 514
138 366 510
138 366 514
112 360 570
112 360 571
199 360 680
199 361 680
195 360 808
195 363 808
195 366 808
129 360 810
180 360 840
180 360 841
137 360 880
185 365 910
185 365 911
185 365 912
186 370 10
186 374 10
110 370 60
110 370 62
169 370 80
169 370 85
163 370 210
163 370 215
193 370 230
193 370 231
142 370 277
142 371 277
142 372 277
142 373 277
142 374 277
142 375 277
142 376 277
134 371 310
121 370 350
192 370 410
192 370 412
191 370 460
138 371 510
138 371 514
138 376 510
138 376 514
112 370 570
112 370 571
199 370 680
199 371 680
195 370 808
195 373 808
195 376 808
129 370 810
180 370 840
180 370 841
137 370 880
185 375 910
185 375 911
185 375 912
186 380 10
186 384 10
110 380 60
110 380 62
169 380 80
169 380 85
163 380 210
163 380 215
193 380 230
193 380 231
142 380 277
142 381 277
142 382 277
142 383 277
142 384 277
142 385 277
142 386 277
134 381 310
121 380 350
192 380 410
192 380 412
191 380 460
138 381 510
138 381 514
138 386 510
138 386 514
112 380 570
112 380 571
199 380 680
199 381 680
195 380 808
195 383 808
195 386 808
129 380 810
180 380 840
180 380 841
137 380 880
185 385 910
185 385 911
185 385 912
186 390 10
186 394 10
110 390 60
110 390 62
169 390 80
169 390 85
163 390 210
163 390 215
193 390 230
193 390 231
142 390 277
142 391 277
142 392 277
142 393 277
142 394 277
142 395 277
142 396 277
134 391 310
121 390 350
192 390 410
192 390 412
191 390 460
138 391 510
138 391 514
138 396 510
138 396 514
112 390 570
112 390 571
199 390 680
199 391 680
195 390 808
195 393 808
195 396 808
129 390 810
180 390 840
180 390 841
137 390 880
185 395 910
185 395 911
185 395 912
186 400 10
186 404 10
110 400 60
110 400 62
169 400 80
169 400 85
163 400 210
163 400 215
193 400 230
193 400 231
142 400 277
142 401 277
142 402 277
142 403 277
142 404 277
142 405 277
142 406 277
134 401 310
121 400 350
192 400 410
192 400 412
191 400 460
138 401 510
138 401 514
138 406 510
138 406 514
112 400 570
112 400 571
199 400 680
199 401 680
195 400 808
195 403 808
195 406 808
129 400 810
180 400 840
180 400 841
137 400 880
185 405 910
185 405 911
185 405 912
186 410 10
186 414 10
110 410 60
110 410 62
169 410 80
169 410 85
163 410 210
163 410 215
193 410 230
193 410 231
142 410 277
142 411 277
142 412 277
142 413 277
142 414 277
142 415 277
142 416 277
134 411 310
121 410 350
192 410 410
192 410 412
191 410 460
138 411 510
138 411 514
138 416 510
138 416 514
112 410 570
112 410 571
199 410 680
199 411 680
195 410 808
195 413 808
195 416 808
129 410 810
180 410 840
180 410 841
137 410 880
185 415 910
185 415 911
185 415 912
186 420 10
186 424 10
110 420 60
110 420 62
169 420 80
169 420 85
163 420 210
163 420 215
193 420 230
193 420 231
142 420 277
142 421 277
142 422 277
142 423 277
142 424 277
142 425 277
142 426 277
134 421 310
121 420 350
192 420 410
192 420 412
191 420 460
138 421 510
138 421 514
138 426 510
138 426 514
112 420 570
112 420 571
199 420 680
199 421 680
195 420 808
195 423 808
195 426 808
129 420 810
180 420 840
180 420 841
137 420 880
185 425 910
185 425 911
185 425 912
186 430 10
186 434 10
110 430 60
110 430 62
169 430 80
169 430 85
163 430 210
163 430 215
193 430 230
193 430 231
142 430 277
142 431 277
142 432 277
142 433 277
142 434 277
142 435 277
142 436 277
134 431 310
121 430 350
192 430 410
192 430 412
191 430 460
138 431 510
138 431 514
138 436 510
138 436 514
112 430 570
112 430 571
199 430 680
199 431 680
195 430 808
195 433 808
195 436 808
129 430 810
180 430 840
180 430 841
137 430 880
185 435 910
185 435 911
185 435 912
186 440 10
186 444 10
110 440 60
110 440 62
169 440 80
169 440 85
163 440 210
163 440 215
193 440 230
193 440 231
142 440 277
142 441 277
142 442 277
142 443 277
142 444 277
142 445 277
142 446 277
134 441 310
121 440 350
192 440 410
192 440 412
191 440 460
138 441 510
138 441 514
138 446 510
138 446 514
112 440 570
112 440 571
199 440 680
199 441 680
195 440 808
195 443 808
195 446 808
129 440 810
180 440 840
180 440 841
137 440 880
185 445 910
185 445 911
185 445 912
186 450 10
186 454 10
110 450 60
110 450 62
169 450 80
169 450 85
163 450 210
163 450 215
193 450 230
193 450 231
142 450 277
142 451 277
142 452 277
142 453 277
142 454 277
142 455 277
142 456 277
134 451 310
121 450 350
192 450 410
192 450 412
191 450 460
138 451 510
138 451 514
138 456 510
138 456 514
112 450 570
112 450 571
199 450 680
199 451 680
195 450 808
195 453 808
195 456 808
129 450 810
180 450 840
180 450 841
137 450 880
185 455 910
185 455 911
185 455 912
186 460 10
186 464 10
110 460 60
110 460 62
169 460 80
169 460 85
163 460 210
163 460 215
193 460 230
193 460 231
142 460 277
142 461 277
142 462 277
142 463 277
142 464 277
142 465 277
142 466 277
134 461 310
121 460 350
192 460 410
192 460 412
191 460 460
138 461 510
138 461 514
138 466 510
138 466 514
112 460 570
112 460 571
199 460 680
199 461 680
195 460 808
195 463 808
195 466 808
129 460 810
180 460 840
180 460 841
137 460 880
185 465 910
185 465 911
185 465 912
186 470 10
186 474 10
110 470 60
110 470 62
169 470 80
169 470 85
163 470 210
163 470 215
193 470 230
193 470 231
142 470 277
142 471 277
142 472 277
142 473 277
142 474 277
142 475 277
142 476 277
134 471 310
121 470 350
192 470 410
192 470 412
191 470 460
138 471 510
138 471 514
138 476 510
138 476 514
112 470 570
112 470 571
199 470 680
199 471 680
195 470 808
195 473 808
195 476 808
129 470 810
180 470 840
180 470 841
137 470 880
185 475 910
185 475 911
185 475 912
186 480 10
186 484 10
110 480 60
110 480 62
169 480 80
169 480 85
163 480 210
163 480 215
193 480 230
193 480 231
142 480 277
142 481 277
142 482 277
142 483 277
142 484 277
142 485 277
142 486 277
134 481 310
121 480 350
192 480 410
192 480 412
191 480 460
138 481 510
138 481 514
138 486 510
138 486 514
112 480 570
112 480 571
199 480 680
199 481 680
195 480 808
195 483 808
195 486 808
129 480 810
180 480 840
180 480 841
137 480 880
185 485 910
185 485 911
185 485 912
186 490 10
186 494 10
110 490 60
110 490 62
169 490 80
169 490 85
163 490 210
163 490 215
193 490 230
193 490 231
142 490 277
142 491 277
142 492 277
142 493 277
142 494 277
142 495 277
142 496 277
134 491 310
121 490 350
192 490 410
192 490 412
191 490 460
138 491 510
138 491 514
138 496 510
138 496 514
112 490 570
112 490 571
199 490 680
199 491 680
195 490 808
195 493 808
195 496 808
129 490 810
180 490 840
180 490 841
137 490 880
185 495 910
185 495 911
185 495 912
186 500 10
186 504 10
110 500 60
110 500 62
169 500 80
169 500 85
163 500 210
163 500 215
193 500 230
193 500 231
142 500 277
142 501 277
142 502 277
142 503 277
142 504 277
142 505 277
142 506 277
134 501 310
121 500 350
192 500 410
192 500 412
191 500 460
138 501 510
138 501 514
138 506 510
138 506 514
112 500 570
112 500 571
199 500 680
199 501 680
195 500 808
195 503 808
195 506 808
129 500 810
180 500 840
180 500 841
137 500 880
185 505 910
185 505 911
185 505 912
186 510 10
186 514 10
110 510 60
110 510 62
169 510 80
169 510 85
163 510 210
163 510 215
193 510 230
193 510 231
142 510 277
142 511 277
142 512 277
142 513 277
142 514 277
142 515 277
142 516 277
134 511 310
121 510 350
192 510 410
192 510 412
191 510 460
138 511 510
138 511 514
138 516 510
138 516 514
112 510 570
112 510 571
199 510 680
199 511 680
195 510 808
195 513 808
195 516 808
129 510 810
180 510 840
180 510 841
137 510 880
185 515 910
185 515 911
185 515 912
186 520 10
186 524 10
110 520 60
110 520 62
169 520 80
169 520 85
163 520 210
163 520 215
193 520 230
193 520 231
142 520 277
142 521 277
142 522 277
142 523 277
142 524 277
142 525 277
142 526 277
134 521 310
121 520 350
192 520 410
192 520 412
191 520 460
138 521 510
138 521 514
138 526 510
138 526 514
112 520 570
112 520 571
199 520 680
199 521 680
195 520 808
195 523 808
195 526 808
129 520 810
180 520 840
180 520 841
137 520 880
185 525 910
185 525 911
185 525 912
186 530 10
186 534 10
110 530 60
110 530 62
169 530 80
169 530 85
163 530 210
163 530 215
193 530 230
193 530 231
142 530 277
142 531 277
142 532 277
142 533 277
142 534 277
142 535 277
142 536 277
134 531 310
121 530 350
192 530 410
192 530 412
191 530 460
138 531 510
138 531 514
138 536 510
138 536 514
112 530 570
112 530 571
199 530 680
199 531 680
195 530 808
195 533 808
195 536 808
129 530 810
180 530 840
180 530 841
137 530 880
185 535 910
185 535 911
185 535 912
186 540 10
186 544 10
110 540 60
110 540 62
169 540 80
169 540 85
163 540 210
163 540 215
193 540 230
193 540 231
142 540 277
142 541 277
142 542 277
142 543 277
142 544 277
142 545 277
142 546 277
134 541 310
121 540 350
192 540 410
192 540 412
191 540 460
138 541 510
138 541 514
138 546 510
138 546 514
112 540 570
112 540 571
199 540 680
199 541 680
195 540 808
195 543 808
195 546 808
129 540 810
180 540 840
180 540 841
137 540 880
185 545 910
185 545 911
185 545 912
186 550 10
186 554 10
110 550 60
110 550 62
169 550 80
169 550 85
163 550 210
163 550 215
193 550 230
193 550 231
142 550 277
142 551 277
142 552 277
142 553 277
142 554 277
142 555 277
142 556 277
134 551 310
121 550 350
192 550 410
192 550 412
191 550 460
138 551 510
138 551 514
138 556 510
138 556 514
112 550 570
112 550 571
199 550 680
199 551 680
195 550 808
195 553 808
195 556 808
129 550 810
180 550 840
180 550 841
137 550 880
185 555 910
185 555 911
185 555 912
186 560 10
186 564 10
110 560 60
110 560 62
169 560 80
169 560 85
163 560 210
163 560 215
193 560 230
193 560 231
142 560 277
142 561 277
142 562 277
142 563 277
142 564 277
142 565 277
142 566 277
134 561 310
121 560 350
192 560 410
192 560 412
191 560 460
138 561 510
138 561 514
138 566 510
138 566 514
112 560 570
112 560 571
199 560 680
199 561 680
195 560 808
195 563 808
195 566 808
129 560 810
180 560 840
180 560 841
137 560 880
185 565 910
185 565 911
185 565 912
186 570 10
186 574 10
110 570 60
110 570 62
169 570 80
169 570 85
163 570 210
163 570 215
193 570 230
193 570 231
142 570 277
142 571 277
142 572 277
142 573 277
142 574 277
142 575 277
142 576 277
134 571 310
121 570 350
192 570 410
192 570 412
191 570 460
138 571 510
138 571 514
138 576 510
138 576 514
112 570 570
112 570 571
199 570 680
199 571 680
195 570 808
195 573 808
195 576 808
129 570 810
180 570 840
180 570 841
137 570 880
185 575 910
185 575 911
185 575 912
186 580 10
186 584 10
110 580 60
110 580 62
169 580 80
169 580 85
163 580 210
163 580 215
193 580 230
193 580 231
142 580 277
142 581 277
142 582 277
142 583 277
142 584 277
142 585 277
142 586 277
134 581 310
121 580 350
192 580 410
192 580 412
191 580 460
138 581 510
138 581 514
138 586 510
138 586 514
112 580 570
112 580 571
199 580 680
199 581 680
195 580 808
195 583 808
195 586 808
129 580 810
180 580 840
180 580 841
137 580 880
185 585 910
185 585 911
185 585 912
186 590 10
186 594 10
110 590 60
110 590 62
169 590 80
169 590 85
163 590 210
163 590 215
193 590 230
193 590 231
142 590 277
142 591 277
142 592 277
142 593 277
142 594 277
142 595 277
142 596 277
134 591 310
121 590 350
192 590 410
192 590 412
191 590 460
138 591 510
138 591 514
138 596 510
138 596 514
112 590 570
112 590 571
199 590 680
199 591 680
195 590 808
195 593 808
195 596 808
129 590 810
180 590 840
180 590 841
137 590 880
185 595 910
185 595 911
185 595 912
186 600 10
186 604 10
110 600 60
110 600 62
169 600 80
169 600 85
163 600 210
163 600 215
193 600 230
193 600 231
142 600 277
142 601 277
142 602 277
142 603 277
142 604 277
142 605 277
142 606 277
134 601 310
121 600 350
192 600 410
192 600 412
191 600 460
138 601 510
138 601 514
138 606 510
138 606 514
112 600 570
112 600 571
199 600 680
199 601 680
195 600 808
195 603 808
195 606 808
129 600 810
180 600 840
180 600 841
137 600 880
185 605 910
185 605 911
185 605 912
186 610 10
186 614 10
110 610 60
110 610 62
169 610 80
169 610 85
163 610 210
163 610 215
193 610 230
193 610 231
142 610 277
142 611 277
142 612 277
142 613 277
142 614 277
142 615 277
142 616 277
134 611 310
121 610 350
192 610 410
192 610 412
191 610 460
138 611 510
138 611 514
138 616 510
138 616 514
112 610 570
112 610 571
199 610 680
199 611 680
195 610 808
195 613 808
195 616 808
129 610 810
180 610 840
180 610 841
137 610 880
185 615 910
185 615 911
185 615 912
186 620 10
186 624 10
110 620 60
110 620 62
169 620 80
169 620 85
163 620 210
163 620 215
193 620 230
193 620 231
142 620 277
142 621 277
142 622 277
142 623 277
142 624 277
142 625 277
142 626 277
134 621 310
121 620 350
192 620 410
192 620 412
191 620 460
138 621 510
138 621 514
138 626 510
138 626 514
112 620 570
112 620 571
199 620 680
199 621 680
195 620 808
195 623 808
195 626 808
129 620 810
180 620 840
180 620 841
137 620 880
185 625 910
185 625 911
185 625 912
186 630 10
186 634 10
110 630 60
110 630 62
169 630 80
169 630 85
163 630 210
163 630 215
193 630 230
193 630 231
142 630 277
142 631 277
142 632 277
142 633 277
142 634 277
142 635 277
142 636 277
134 631 310
121 630 350
192 630 410
192 630 412
191 630 460
138 631 510
138 631 514
138 636 510
138 636 514
112 630 570
112 630 571
199 630 680
199 631 680
195 630 808
195 633 808
195 636 808
129 630 810
180 630 840
180 630 841
137 630 880
185 635 910
185 635 911
185 635 912
186 640 10
186 644 10
110 640 60
110 640 62
169 640 80
169 640 85
163 640 210
163 640 215
193 640 230
193 640 231
142 640 277
142 641 277
142 642 277
142 643 277
142 644 277
142 645 277
142 646 277
134 641 310
121 640 350
192 640 410
192 640 412
191 640 460
138 641 510
138 641 514
138 646 510
138 646 514
112 640 570
112 640 571
199 640 680
199 641 680
195 640 808
195 643 808
195 646 808
129 640 810
180 640 840
180 640 841
137 640 880
185 645 910
185 645 911
185 645 912
186 650 10
186 654 10
110 650 60
110 650 62
169 650 80
169 650 85
163 650 210
163 650 215
193 650 230
193 650 231
142 650 277
142 651 277
142 652 277
142 653 277
142 654 277
142 655 277
142 656 277
134 651 310
121 650 350
192 650 410
192 650 412
191 650 460
138 651 510
138 651 514
138 656 510
138 656 514
112 650 570
112 650 571
199 650 680
199 651 680
195 650 808
195 653 808
195 656 808
129 650 810
180 650 840
180 650 841
137 650 880
185 655 910
185 655 911
185 655 912
186 660 10
186 664 10
110 660 60
110 660 62
169 660 80
169 660 85
163 660 210
163 660 215
193 660 230
193 660 231
142 660 277
142 661 277
142 662 277
142 663 277
142 664 277
142 665 277
142 666 277
134 661 310
121 660 350
192 660 410
192 660 412
191 660 460
138 661 510
138 661 514
138 666 510
138 666 514
112 660 570
112 660 571
199 660 680
199 661 680
195 660 808
195 663 808
195 666 808
129 660 810
180 660 840
180 660 841
137 660 880
185 665 910
185 665 911
185 665 912
186 670 10
186 674 10
110 670 60
110 670 62
169 670 80
169 670 85
163 670 210
163 670 215
193 670 230
193 670 231
142 670 277
142 671 277
142 672 277
142 673 277
142 674 277
142 675 277
142 676 277
134 671 310
121 670 350
192 670 410
192 670 412
191 670 460
138 671 510
138 671 514
138 676 510
138 676 514
112 670 570
112 670 571
199 670 680
199 671 680
195 670 808
195 673 808
195 676 808
129 670 810
180 670 840
180 670 841
137 670 880
185 675 910
185 675 911
185 675 912
186 680 10
186 684 10
110 680 60
110 680 62
169 680 80
169 680 85
163 680 210
163 680 215
193 680 230
193 680 231
142 680 277
142 681 277
142 682 277
142 683 277
142 684 277
142 685 277
142 686 277
134 681 310
121 680 350
192 680 410
192 680 412
191 680 460
138 681 510
138 681 514
138 686 510
138 686 514
112 680 570
112 680 571
199 680 680
199 681 680
195 680 808
195 683 808
195 686 808
129 680 810
180 680 840
180 680 841
137 680 880
185 685 910
185 685 911
185 685 912
186 690 10
186 694 10
110 690 60
110 690 62
169 690 80
169 690 85
163 690 210
163 690 215
193 690 230
193 690 231
142 690 277
142 691 277
142 692 277
142 693 277
142 694 277
142 695 277
142 696 277
134 691 310
121 690 350
192 690 410
192 690 412
191 690 460
138 691 510
138 691 514
138 696 510
138 696 514
112 690 570
112 690 571
199 690 680
199 691 680
195 690 808
195 693 808
195 696 808
129 690 810
180 690 840
180 690 841
137 690 880
185 695 910
185 695 911
185 695 912
186 700 10
186 704 10
110 700 60
110 700 62
169 700 80
169 700 85
163 700 210
163 700 215
193 700 230
193 700 231
142 700 277
142 701 277
142 702 277
142 703 277
142 704 277
142 705 277
142 706 277
134 701 310
121 700 350
192 700 410
192 700 412
191 700 460
138 701 510
138 701 514
138 706 510
138 706 514
112 700 570
112 700 571
199 700 680
199 701 680
195 700 808
195 703 808
195 706 808
129 700 810
180 700 840
180 700 841
137 700 880
185 705 910
185 705 911
185 705 912
186 710 10
186 714 10
110 710 60
110 710 62
169 710 80
169 710 85
163 710 210
163 710 215
193 710 230
193 710 231
142 710 277
142 711 277
142 712 277
142 713 277
142 714 277
142 715 277
142 716 277
134 711 310
121 710 350
192 710 410
192 710 412
191 710 460
138 711 510
138 711 514
138 716 510
138 716 514
112 710 570
112 710 571
199 710 680
199 711 680
195 710 808
195 713 808
195 716 808
129 710 810
180 710 840
180 710 841
137 710 880
185 715 910
185 715 911
185 715 912
186 720 10
186 724 10
110 720 60
110 720 62
169 720 80
169 720 85
163 720 210
163 720 215
193 720 230
193 720 231
142 720 277
142 721 277
142 722 277
142 723 277
142 724 277
142 725 277
142 726 277
134 721 310
121 720 350
192 720 410
192 720 412
191 720 460
138 721 510
138 721 514
138 726 510
138 726 514
112 720 570
112 720 571
199 720 680
199 721 680
195 720 808
195 723 808
195 726 808
129 720 810
180 720 840
180 720 841
137 720 880
185 725 910
185 725 911
185 725 912
186 730 10
186 734 10
110 730 60
110 730 62
169 730 80
169 730 85
163 730 210
163 730 215
193 730 230
193 730 231
142 730 277
142 731 277
142 732 277
142 733 277
142 734 277
142 735 277
142 736 277
134 731 310
121 730 350
192 730 410
192 730 412
191 730 460
138 731 510
138 731 514
138 736 510
138 736 514
112 730 570
112 730 571
199 730 680
199 731 680
195 730 808
195 733 808
195 736 808
129 730 810
180 730 840
180 730 841
137 730 880
185 735 910
185 735 911
185 735 912
186 740 10
186 744 10
110 740 60
110 740 62
169 740 80
169 740 85
163 740 210
163 740 215
193 740 230
193 740 231
142 740 277
142 741 277
142 742 277
142 743 277
142 744 277
142 745 277
142 746 277
134 741 310
121 740 350
192 740 410
192 740 412
191 740 460
138 741 510
138 741 514
138 746 510
138 746 514
112 740 570
112 740 571
199 740 680
199 741 680
195 740 808
195 743 808
195 746 808
129 740 810
180 740 840
180 740 841
137 740 880
185 745 910
185 745 911
185 745 912
186 750 10
186 754 10
110 750 60
110 750 62
169 750 80
169 750 85
163 750 210
163 750 215
193 750 230
193 750 231
142 750 277
142 751 277
142 752 277
142 753 277
142 754 277
142 755 277
142 756 277
134 751 310
121 750 350
192 750 410
192 750 412
191 750 460
138 751 510
138 751 514
138 756 510
138 756 514
112 750 570
112 750 571
199 750 680
199 751 680
195 750 808
195 753 808
195 756 808
129 750 810
180 750 840
180 750 841
137 750 880
185 755 910
185 755 911
185 755 912
186 760 10
186 764 10
110 760 60
110 760 62
169 760 80
169 760 85
163 760 210
163 760 215
193 760 230
193 760 231
142 760 277
142 761 277
142 762 277
142 763 277
142 764 277
142 765 277
142 766 277
134 761 310
121 760 350
192 760 410
192 760 412
191 760 460
138 761 510
138 761 514
138 766 510
138 766 514
112 760 570
112 760 571
199 760 680
199 761 680
195 760 808
195 763 808
195 766 808
129 760 810
180 760 840
180 760 841
137 760 880
185 765 910
185 765 911
185 765 912
186 770 10
186 774 10
110 770 60
110 770 62
169 770 80
169 770 85
163 770 210
163 770 215
193 770 230
193 770 231
142 770 277
142 771 277
142 772 277
142 773 277
142 774 277
142 775 277
142 776 277
134 771 310
121 770 350
192 770 410
192 770 412
191 770 460
138 771 510
138 771 514
138 776 510
138 776 514
112 770 570
112 770 571
199 770 680
199 771 680
195 770 808
195 773 808
195 776 808
129 770 810
180 770 840
180 770 841
137 770 880
185 775 910
185 775 911
185 775 912
186 780 10
186 784 10
110 780 60
110 780 62
169 780 80
169 780 85
163 780 210
163 780 215
193 780 230
193 780 231
142 780 277
142 781 277
142 782 277
142 783 277
142 784 277
142 785 277
142 786 277
134 781 310
121 780 350
192 780 410
192 780 412
191 780 460
138 781 510
138 781 514
138 786 510
138 786 514
112 780 570
112 780 571
199 780 680
199 781 680
195 780 808
195 783 808
195 786 808
129 780 810
180 780 840
180 780 841
137 780 880
185 785 910
185 785 911
185 785 912
186 790 10
186 794 10
110 790 60
110 790 62
169 790 80
169 790 85
163 790 210
163 790 215
193 790 230
193 790 231
142 790 277
142 791 277
142 792 277
142 793 277
142 794 277
142 795 277
142 796 277
134 791 310
121 790 350
192 790 410
192 790 412
191 790 460
138 791 510
138 791 514
138 796 510
138 796 514
112 790 570
112 790 571
199 790 680
199 791 680
195 790 808
195 793 808
195 796 808
129 790 810
180 790 840
180 790 841
137 790 880
185 795 910
185 795 911
185 795 912
186 800 10
186 804 10
110 800 60
110 800 62
169 800 80
169 800 85
163 800 210
163 800 215
193 800 230
193 800 231
142 800 277
142 801 277
142 802 277
142 803 277
142 804 277
142 805 277
142 806 277
134 801 310
121 800 350
192 800 410
192 800 412
191 800 460
138 801 510
138 801 514
138 806 510
138 806 514
112 800 570
112 800 571
199 800 680
199 801 680
195 800 808
195 803 808
195 806 808
129 800 810
180 800 840
180 800 841
137 800 880
185 805 910
185 805 911
185 805 912
186 810 10
186 814 10
110 810 60
110 810 62
169 810 80
169 810 85
163 810 210
163 810 215
193 810 230
193 810 231
142 810 277
142 811 277
142 812 277
142 813 277
142 814 277
142 815 277
142 816 277
134 811 310
121 810 350
192 810 410
192 810 412
191 810 460
138 811 510
138 811 514
138 816 510
138 816 514
112 810 570
112 810 571
199 810 680
199 811 680
195 810 808
195 813 808
195 816 808
129 810 810
180 810 840
180 810 841
137 810 880
185 815 910
185 815 911
185 815 912
186 820 10
186 824 10
110 820 60
110 820 62
169 820 80
169 820 85
163 820 210
163 820 215
193 820 230
193 820 231
142 820 277
142 821 277
142 822 277
142 823 277
142 824 277
142 825 277
142 826 277
134 821 310
121 820 350
192 820 410
192 820 412
191 820 460
138 821 510
138 821 514
138 826 510
138 826 514
112 820 570
112 820 571
199 820 680
199 821 680
195 820 808
195 823 808
195 826 808
129 820 810
180 820 840
180 820 841
137 820 880
185 825 910
185 825 911
185 825 912
186 830 10
186 834 10
110 830 60
110 830 62
169 830 80
169 830 85
163 830 210
163 830 215
193 830 230
193 830 231
142 830 277
142 831 277
142 832 277
142 833 277
142 834 277
142 835 277
142 836 277
134 831 310
121 830 350
192 830 410
192 830 412
191 830 460
138 831 510
138 831 514
138 836 510
138 836 514
112 830 570
112 830 571
199 830 680
199 831 680
195 830 808
195 833 808
195 836 808
129 830 810
180 830 840
180 830 841
137 830 880
185 835 910
185 835 911
185 835 912
186 840 10
186 844 10
110 840 60
110 840 62
169 840 80
169 840 85
163 840 210
163 840 215
193 840 230
193 840 231
142 840 277
142 841 277
142 842 277
142 843 277
142 844 277
142 845 277
142 846 277
134 841 310
121 840 350
192 840 410
192 840 412
191 840 460
138 841 510
138 841 514
138 846 510
138 846 514
112 840 570
112 840 571
199 840 680
199 841 680
195 840 808
195 843 808
195 846 808
129 840 810
180 840 840
180 840 841
137 840 880
185 845 910
185 845 911
185 845 912
186 850 10
186 854 10
110 850 60
110 850 62
169 850 80
169 850 85
163 850 210
163 850 215
193 850 230
193 850 231
142 850 277
142 851 277
142 852 277
142 853 277
142 854 277
142 855 277
142 856 277
134 851 310
121 850 350
192 850 410
192 850 412
191 850 460
138 851 510
138 851 514
138 856 510
138 856 514
112 850 570
112 850 571
199 850 680
199 851 680
195 850 808
195 853 808
195 856 808
129 850 810
180 850 840
180 850 841
137 850 880
185 855 910
185 855 911
185 855 912
186 860 10
186 864 10
110 860 60
110 860 62
169 860 80
169 860 85
163 860 210
163 860 215
193 860 230
193 860 231
142 860 277
142 861 277
142 862 277
142 863 277
142 864 277
142 865 277
142 866 277
134 861 310
121 860 350
192 860 410
192 860 412
191 860 460
138 861 510
138 861 514
138 866 510
138 866 514
112 860 570
112 860 571
199 860 680
199 861 680
195 860 808
195 863 808
195 866 808
129 860 810
180 860 840
180 860 841
137 860 880
185 865 910
185 865 911
185 865 912
186 870 10
186 874 10
110 870 60
110 870 62
169 870 80
169 870 85
163 870 210
163 870 215
193 870 230
193 870 231
142 870 277
142 871 277
142 872 277
142 873 277
142 874 277
142 875 277
142 876 277
134 871 310
121 870 350
192 870 410
192 870 412
191 870 460
138 871 510
138 871 514
138 876 510
138 876 514
112 870 570
112 870 571
199 870 680
199 871 680
195 870 808
195 873 808
195 876 808
129 870 810
180 870 840
180 870 841
137 870 880
185 875 910
185 875 911
185 875 912
186 880 10
186 884 10
110 880 60
110 880 62
169 880 80
169 880 85
163 880 210
163 880 215
193 880 230
193 880 231
142 880 277
142 881 277
142 882 277
142 883 277
142 884 277
142 885 277
142 886 277
134 881 310
121 880 350
192 880 410
192 880 412
191 880 460
138 881 510
138 881 514
138 886 510
138 886 514
112 880 570
112 880 571
199 880 680
199 881 680
195 880 808
195 883 808
195 886 808
129 880 810
180 880 840
180 880 841
137 880 880
185 885 910
185 885 911
185 885 912
186 890 10
186 894 10
110 890 60
110 890 62
169 890 80
169 890 85
163 890 210
163 890 215
193 890 230
193 890 231
142 890 277
142 891 277
142 892 277
142 893 277
142 894 277
142 895 277
142 896 277
134 891 310
121 890 350
192 890 410
192 890 412
191 890 460
138 891 510
138 891 514
138 896 510
138 896 514
112 890 570
112 890 571
199 890 680
199 891 680
195 890 808
195 893 808
195 896 808
129 890 810
180 890 840
180 890 841
137 890 880
185 895 910
185 895 911
185 895 912
186 900 10
186 904 10
110 900 60
110 900 62
169 900 80
169 900 85
163 900 210
163 900 215
193 900 230
193 900 231
142 900 277
142 901 277
142 902 277
142 903 277
142 904 277
142 905 277
142 906 277
134 901 310
121 900 350
192 900 410
192 900 412
191 900 460
138 901 510
138 901 514
138 906 510
138 906 514
112 900 570
112 900 571
199 900 680
199 901 680
195 900 808
195 903 808
195 906 808
129 900 810
180 900 840
180 900 841
137 900 880
185 905 910
185 905 911
185 905 912
186 910 10
186 914 10
110 910 60
110 910 62
169 910 80
169 910 85
163 910 210
163 910 215
193 910 230
193 910 231
142 910 277
142 911 277
142 912 277
142 913 277
142 914 277
142 915 277
142 916 277
134 911 310
121 910 350
192 910 410
192 910 412
191 910 460
138 911 510
138 911 514
138 916 510
138 916 514
112 910 570
112 910 571
199 910 680
199 911 680
195 910 808
195 913 808
195 916 808
129 910 810
180 910 840
180 910 841
137 910 880
185 915 910
185 915 911
185 915 912
186 920 10
186 924 10
110 920 60
110 920 62
169 920 80
169 920 85
163 920 210
163 920 215
193 920 230
193 920 231
142 920 277
142 921 277
142 922 277
142 923 277
142 924 277
142 925 277
142 926 277
134 921 310
121 920 350
192 920 410
192 920 412
191 920 460
138 921 510
138 921 514
138 926 510
138 926 514
112 920 570
112 920 571
199 920 680
199 921 680
195 920 808
195 923 808
195 926 808
129 920 810
180 920 840
180 920 841
137 920 880
185 925 910
185 925 911
185 925 912
186 930 10
186 934 10
110 930 60
110 930 62
169 930 80
169 930 85
163 930 210
163 930 215
193 930 230
193 930 231
142 930 277
142 931 277
142 932 277
142 933 277
142 934 277
142 935 277
142 936 277
134 931 310
121 930 350
192 930 410
192 930 412
191 930 460
138 931 510
138 931 514
138 936 510
138 936 514
112 930 570
112 930 571
199 930 680
199 931 680
195 930 808
195 933 808
195 936 808
129 930 810
180 930 840
180 930 841
137 930 880
185 935 910
185 935 911
185 935 912
186 940 10
186 944 10
110 940 60
110 940 62
169 940 80
169 940 85
163 940 210
163 940 215
193 940 230
193 940 231
142 940 277
142 941 277
142 942 277
142 943 277
142 944 277
142 945 277
142 946 277
134 941 310
121 940 350
192 940 410
192 940 412
191 940 460
138 941 510
138 941 514
138 946 510
138 946 514
112 940 570
112 940 571
199 940 680
199 941 680
195 940 808
195 943 808
195 946 808
129 940 810
180 940 840
180 940 841
137 940 880
185 945 910
185 945 911
185 945 912
186 950 10
186 954 10
110 950 60
110 950 62
169 950 80
169 950 85
163 950 210
163 950 215
193 950 230
193 950 231
142 950 277
142 951 277
142 952 277
142 953 277
142 954 277
142 955 277
142 956 277
134 951 310
121 950 350
192 950 410
192 950 412
191 950 460
138 951 510
138 951 514
138 956 510
138 956 514
112 950 570
112 950 571
199 950 680
199 951 680
195 950 808
195 953 808
195 956 808
129 950 810
180 950 840
180 950 841
137 950 880
185 955 910
185 955 911
185 955 912
186 960 10
186 964 10
110 960 60
110 960 62
169 960 80
169 960 85
163 960 210
163 960 215
193 960 230
193 960 231
142 960 277
142 961 277
142 962 277
142 963 277
142 964 277
142 965 277
142 966 277
134 961 310
121 960 350
192 960 410
192 960 412
191 960 460
138 961 510
138 961 514
138 966 510
138 966 514
112 960 570
112 960 571
199 960 680
199 961 680
195 960 808
195 963 808
195 966 808
129 960 810
180 960 840
180 960 841
137 960 880
185 965 910
185 965 911
185 965 912
186 970 10
186 974 10
110 970 60
110 970 62
169 970 80
169 970 85
163 970 210
163 970 215
193 970 230
193 970 231
142 970 277
142 971 277
142 972 277
142 973 277
142 974 277
142 975 277
142 976 277
134 971 310
121 970 350
192 970 410
192 970 412
191 970 460
138 971 510
138 971 514
138 976 510
138 976 514
112 970 570
112 970 571
199 970 680
199 971 680
195 970 808
195 973 808
195 976 808
129 970 810
180 970 840
180 970 841
137 970 880
185 975 910
185 975 911
185 975 912
186 980 10
186 984 10
110 980 60
110 980 62
169 980 80
169 980 85
163 980 210
163 980 215
193 980 230
193 980 231
142 980 277
142 981 277
142 982 277
142 983 277
142 984 277
142 985 277
142 986 277
134 981 310
121 980 350
192 980 410
192 980 412
191 980 460
138 981 510
138 981 514
138 986 510
138 986 514
112 980 570
112 980 571
199 980 680
199 981 680
195 980 808
195 983 808
195 986 808
129 980 810
180 980 840
180 980 841
137 980 880
185 985 910
185 985 911
185 985 912
186 990 10
186 994 10
110 990 60
110 990 62
169 990 80
169 990 85
163 990 210
163 990 215
193 990 230
193 990 231
142 990 277
142 991 277
142 992 277
142 993 277
142 994 277
142 995 277
142 996 277
134 991 310
121 990 350
192 990 410
192 990 412
191 990 460
138 991 510
138 991 514
138 996 510
138 996 514
112 990 570
112 990 571
199 990 680
199 991 680
195 990 808
195 993 808
195 996 808
129 990 810
180 990 840
180 990 841
137 990 880
185 995 910
185 995 911
185 995 912
