5200
11 0 0
94 0 40
39 0 60
77 0 80
55 0 140
50 0 160
69 0 190
64 0 210
64 0 217
3 0 240
59 0 260
40 0 270
67 0 300
67 3 300
99 0 380
8 0 390
49 0 550
98 0 570
71 0 600
15 0 610
17 0 630
38 0 780
7 0 790
60 0 820
13 0 890
19 0 900
16 0 910
11 10 0
94 10 40
39 10 60
77 10 80
55 10 140
50 10 160
69 10 190
64 10 210
64 10 217
3 10 240
59 10 260
40 10 270
67 10 300
67 13 300
99 10 380
8 10 390
49 10 550
98 10 570
71 10 600
15 10 610
17 10 630
38 10 780
7 10 790
60 10 820
13 10 890
19 10 900
16 10 910
11 20 0
94 20 40
39 20 60
77 20 80
55 20 140
50 20 160
69 20 190
64 20 210
64 20 217
3 20 240
59 20 260
40 20 270
67 20 300
67 23 300
99 20 380
8 20 390
49 20 550
98 20 570
71 20 600
15 20 610
17 20 630
38 20 780
7 20 790
60 20 820
13 20 890
19 20 900
16 20 910
11 30 0
94 30 40
39 30 60
77 30 80
55 30 140
50 30 160
69 30 190
64 30 210
64 30 217
3 30 240
59 30 260
40 30 270
67 30 300
67 33 300
99 30 380
8 30 390
49 30 550
98 30 570
71 30 600
15 30 610
17 30 630
38 30 780
7 30 790
60 30 820
13 30 890
19 30 900
16 30 910
11 40 0
94 40 40
39 40 60
77 40 80
55 40 140
50 40 160
69 40 190
64 40 210
64 40 217
3 40 240
59 40 260
40 40 270
67 40 300
67 43 300
99 40 380
8 40 390
49 40 550
98 40 570
71 40 600
15 40 610
17 40 630
38 40 780
7 40 790
60 40 820
13 40 890
19 40 900
16 40 910
11 50 0
94 50 40
39 50 60
77 50 80
55 50 140
50 50 160
69 50 190
64 50 210
64 50 217
3 50 240
59 50 260
40 50 270
67 50 300
67 53 300
99 50 380
8 50 390
49 50 550
98 50 570
71 50 600
15 50 610
17 50 630
38 50 780
7 50 790
60 50 820
13 50 890
19 50 900
16 50 910
11 60 0
94 60 40
39 60 60
77 60 80
55 60 140
50 60 160
69 60 190
64 60 210
64 60 217
3 60 240
59 60 260
40 60 270
67 60 300
67 63 300
99 60 380
8 60 390
49 60 550
98 60 570
71 60 600
15 60 610
17 60 630
38 60 780
7 60 790
60 60 820
13 60 890
19 60 900
16 60 910
11 70 0
94 70 40
39 70 60
77 70 80
55 70 140
50 70 160
69 70 190
64 70 210
64 70 217
3 70 240
59 70 260
40 70 270
67 70 300
67 73 300
99 70 380
8 70 390
49 70 550
98 70 570
71 70 600
15 70 610
17 70 630
38 70 780
7 70 790
60 70 820
13 70 890
19 70 900
16 70 910
11 80 0
94 80 40
39 80 60
77 80 80
55 80 140
50 80 160
69 80 190
64 80 210
64 80 217
3 80 240
59 80 260
40 80 270
67 80 300
67 83 300
99 80 380
8 80 390
49 80 550
98 80 570
71 80 600
15 80 610
17 80 630
38 80 780
7 80 790
60 80 820
13 80 890
19 80 900
16 80 910
11 90 0
94 90 40
39 90 60
77 90 80
55 90 140
50 90 160
69 90 190
64 90 210
64 90 217
3 90 240
59 90 260
40 90 270
67 90 300
67 93 300
99 90 380
8 90 390
49 90 550
98 90 570
71 90 600
15 90 610
17 90 630
38 90 780
7 90 790
60 90 820
13 90 890
19 90 900
16 90 910
11 100 0
94 100 40
39 100 60
77 100 80
55 100 140
50 100 160
69 100 190
64 100 210
64 100 217
3 100 240
59 100 260
40 100 270
67 100 300
67 103 300
99 100 380
8 100 390
49 100 550
98 100 570
71 100 600
15 100 610
17 100 630
38 100 780
7 100 790
60 100 820
13 100 890
19 100 900
16 100 910
11 110 0
94 110 40
39 110 60
77 110 80
55 110 140
50 110 160
69 110 190
64 110 210
64 110 217
3 110 240
59 110 260
40 110 270
67 110 300
67 113 300
99 110 380
8 110 390
49 110 550
98 110 570
71 110 600
15 110 610
17 110 630
38 110 780
7 110 790
60 110 820
13 110 890
19 110 900
16 110 910
11 120 0
94 120 40
39 120 60
77 120 80
55 120 140
50 120 160
69 120 190
64 120 210
64 120 217
3 120 240
59 120 260
40 120 270
67 120 300
67 123 300
99 120 380
8 120 390
49 120 550
98 120 570
71 120 600
15 120 610
17 120 630
38 120 780
7 120 790
60 120 820
13 120 890
19 120 900
16 120 910
11 130 0
94 130 40
39 130 60
77 130 80
55 130 140
50 130 160
69 130 190
64 130 210
64 130 217
3 130 240
59 130 260
40 130 270
67 130 300
67 133 300
99 130 380
8 130 390
49 130 550
98 130 570
71 130 600
15 130 610
17 130 630
38 130 780
7 130 790
60 130 820
13 130 890
19 130 900
16 130 910
11 140 0
94 140 40
39 140 60
77 140 80
55 140 140
50 140 160
69 140 190
64 140 210
64 140 217
3 140 240
59 140 260
40 140 270
67 140 300
67 143 300
99 140 380
8 140 390
49 140 550
98 140 570
71 140 600
15 140 610
17 140 630
38 140 780
7 140 790
60 140 820
13 140 890
19 140 900
16 140 910
11 150 0
94 150 40
39 150 60
77 150 80
55 150 140
50 150 160
69 150 190
64 150 210
64 150 217
3 150 240
59 150 260
40 150 270
67 150 300
67 153 300
99 150 380
8 150 390
49 150 550
98 150 570
71 150 600
15 150 610
17 150 630
38 150 780
7 150 790
60 150 820
13 150 890
19 150 900
16 150 910
11 160 0
94 160 40
39 160 60
77 160 80
55 160 140
50 160 160
69 160 190
64 160 210
64 160 217
3 160 240
59 160 260
40 160 270
67 160 300
67 163 300
99 160 380
8 160 390
49 160 550
98 160 570
71 160 600
15 160 610
17 160 630
38 160 780
7 160 790
60 160 820
13 160 890
19 160 900
16 160 910
11 170 0
94 170 40
39 170 60
77 170 80
55 170 140
50 170 160
69 170 190
64 170 210
64 170 217
3 170 240
59 170 260
40 170 270
67 170 300
67 173 300
99 170 380
8 170 390
49 170 550
98 170 570
71 170 600
15 170 610
17 170 630
38 170 780
7 170 790
60 170 820
13 170 890
19 170 900
16 170 910
11 180 0
94 180 40
39 180 60
77 180 80
55 180 140
50 180 160
69 180 190
64 180 210
64 180 217
3 180 240
59 180 260
40 180 270
67 180 300
67 183 300
99 180 380
8 180 390
49 180 550
98 180 570
71 180 600
15 180 610
17 180 630
38 180 780
7 180 790
60 180 820
13 180 890
19 180 900
16 180 910
11 190 0
94 190 40
39 190 60
77 190 80
55 190 140
50 190 160
69 190 190
64 190 210
64 190 217
3 190 240
59 190 260
40 190 270
67 190 300
67 193 300
99 190 380
8 190 390
49 190 550
98 190 570
71 190 600
15 190 610
17 190 630
38 190 780
7 190 790
60 190 820
13 190 890
19 190 900
16 190 910
11 200 0
94 200 40
39 200 60
77 200 80
55 200 140
50 200 160
69 200 190
64 200 210
64 200 217
3 200 240
59 200 260
40 200 270
67 200 300
67 203 300
99 200 380
8 200 390
49 200 550
98 200 570
71 200 600
15 200 610
17 200 630
38 200 780
7 200 790
60 200 820
13 200 890
19 200 900
16 200 910
11 210 0
94 210 40
39 210 60
77 210 80
55 210 140
50 210 160
69 210 190
64 210 210
64 210 217
3 210 240
59 210 260
40 210 270
67 210 300
67 213 300
99 210 380
8 210 390
49 210 550
98 210 570
71 210 600
15 210 610
17 210 630
38 210 780
7 210 790
60 210 820
13 210 890
19 210 900
16 210 910
11 220 0
94 220 40
39 220 60
77 220 80
55 220 140
50 220 160
69 220 190
64 220 210
64 220 217
3 220 240
59 220 260
40 220 270
67 220 300
67 223 300
99 220 380
8 220 390
49 220 550
98 220 570
71 220 600
15 220 610
17 220 630
38 220 780
7 220 790
60 220 820
13 220 890
19 220 900
16 220 910
11 230 0
94 230 40
39 230 60
77 230 80
55 230 140
50 230 160
69 230 190
64 230 210
64 230 217
3 230 240
59 230 260
40 230 270
67 230 300
67 233 300
99 230 380
8 230 390
49 230 550
98 230 570
71 230 600
15 230 610
17 230 630
38 230 780
7 230 790
60 230 820
13 230 890
19 230 900
16 230 910
11 240 0
94 240 40
39 240 60
77 240 80
55 240 140
50 240 160
69 240 190
64 240 210
64 240 217
3 240 240
59 240 260
40 240 270
67 240 300
67 243 300
99 240 380
8 240 390
49 240 550
98 240 570
71 240 600
15 240 610
17 240 630
38 240 780
7 240 790
60 240 820
13 240 890
19 240 900
16 240 910
11 250 0
94 250 40
39 250 60
77 250 80
55 250 140
50 250 160
69 250 190
64 250 210
64 250 217
3 250 240
59 250 260
40 250 270
67 250 300
67 253 300
99 250 380
8 250 390
49 250 550
98 250 570
71 250 600
15 250 610
17 250 630
38 250 780
7 250 790
60 250 820
13 250 890
19 250 900
16 250 910
11 260 0
94 260 40
39 260 60
77 260 80
55 260 140
50 260 160
69 260 190
64 260 210
64 260 217
3 260 240
59 260 260
40 260 270
67 260 300
67 263 300
99 260 380
8 260 390
49 260 550
98 260 570
71 260 600
15 260 610
17 260 630
38 260 780
7 260 790
60 260 820
13 260 890
19 260 900
16 260 910
11 270 0
94 270 40
39 270 60
77 270 80
55 270 140
50 270 160
69 270 190
64 270 210
64 270 217
3 270 240
59 270 260
40 270 270
67 270 300
67 273 300
99 270 380
8 270 390
49 270 550
98 270 570
71 270 600
15 270 610
17 270 630
38 270 780
7 270 790
60 270 820
13 270 890
19 270 900
16 270 910
11 280 0
94 280 40
39 280 60
77 280 80
55 280 140
50 280 160
69 280 190
64 280 210
64 280 217
3 280 240
59 280 260
40 280 270
67 280 300
67 283 300
99 280 380
8 280 390
49 280 550
98 280 570
71 280 600
15 280 610
17 280 630
38 280 780
7 280 790
60 280 820
13 280 890
19 280 900
16 280 910
11 290 0
94 290 40
39 290 60
77 290 80
55 290 140
50 290 160
69 290 190
64 290 210
64 290 217
3 290 240
59 290 260
40 290 270
67 290 300
67 293 300
99 290 380
8 290 390
49 290 550
98 290 570
71 290 600
15 290 610
17 290 630
38 290 780
7 290 790
60 290 820
13 290 890
19 290 900
16 290 910
11 300 0
94 300 40
39 300 60
77 300 80
55 300 140
50 300 160
69 300 190
64 300 210
64 300 217
3 300 240
59 300 260
40 300 270
67 300 300
67 303 300
99 300 380
8 300 390
49 300 550
98 300 570
71 300 600
15 300 610
17 300 630
38 300 780
7 300 790
60 300 820
13 300 890
19 300 900
16 300 910
11 310 0
94 310 40
39 310 60
77 310 80
55 310 140
50 310 160
69 310 190
64 310 210
64 310 217
3 310 240
59 310 260
40 310 270
67 310 300
67 313 300
99 310 380
8 310 390
49 310 550
98 310 570
71 310 600
15 310 610
17 310 630
38 310 780
7 310 790
60 310 820
13 310 890
19 310 900
16 310 910
11 320 0
94 320 40
39 320 60
77 320 80
55 320 140
50 320 160
69 320 190
64 320 210
64 320 217
3 320 240
59 320 260
40 320 270
67 320 300
67 323 300
99 320 380
8 320 390
49 320 550
98 320 570
71 320 600
15 320 610
17 320 630
38 320 780
7 320 790
60 320 820
13 320 890
19 320 900
16 320 910
11 330 0
94 330 40
39 330 60
77 330 80
55 330 140
50 330 160
69 330 190
64 330 210
64 330 217
3 330 240
59 330 260
40 330 270
67 330 300
67 333 300
99 330 380
8 330 390
49 330 550
98 330 570
71 330 600
15 330 610
17 330 630
38 330 780
7 330 790
60 330 820
13 330 890
19 330 900
16 330 910
11 340 0
94 340 40
39 340 60
77 340 80
55 340 140
50 340 160
69 340 190
64 340 210
64 340 217
3 340 240
59 340 260
40 340 270
67 340 300
67 343 300
99 340 380
8 340 390
49 340 550
98 340 570
71 340 600
15 340 610
17 340 630
38 340 780
7 340 790
60 340 820
13 340 890
19 340 900
16 340 910
11 350 0
94 350 40
39 350 60
77 350 80
55 350 140
50 350 160
69 350 190
64 350 210
64 350 217
3 350 240
59 350 260
40 350 270
67 350 300
67 353 300
99 350 380
8 350 390
49 350 550
98 350 570
71 350 600
15 350 610
17 350 630
38 350 780
7 350 790
60 350 820
13 350 890
19 350 900
16 350 910
11 360 0
94 360 40
39 360 60
77 360 80
55 360 140
50 360 160
69 360 190
64 360 210
64 360 217
3 360 240
59 360 260
40 360 270
67 360 300
67 363 300
99 360 380
8 360 390
49 360 550
98 360 570
71 360 600
15 360 610
17 360 630
38 360 780
7 360 790
60 360 820
13 360 890
19 360 900
16 360 910
11 370 0
94 370 40
39 370 60
77 370 80
55 370 140
50 370 160
69 370 190
64 370 210
64 370 217
3 370 240
59 370 260
40 370 270
67 370 300
67 373 300
99 370 380
8 370 390
49 370 550
98 370 570
71 370 600
15 370 610
17 370 630
38 370 780
7 370 790
60 370 820
13 370 890
19 370 900
16 370 910
11 380 0
94 380 40
39 380 60
77 380 80
55 380 140
50 380 160
69 380 190
64 380 210
64 380 217
3 380 240
59 380 260
40 380 270
67 380 300
67 383 300
99 380 380
8 380 390
49 380 550
98 380 570
71 380 600
15 380 610
17 380 630
38 380 780
7 380 790
60 380 820
13 380 890
19 380 900
16 380 910
11 390 0
94 390 40
39 390 60
77 390 80
55 390 140
50 390 160
69 390 190
64 390 210
64 390 217
3 390 240
59 390 260
40 390 270
67 390 300
67 393 300
99 390 380
8 390 390
49 390 550
98 390 570
71 390 600
15 390 610
17 390 630
38 390 780
7 390 790
60 390 820
13 390 890
19 390 900
16 390 910
11 400 0
94 400 40
39 400 60
77 400 80
55 400 140
50 400 160
69 400 190
64 400 210
64 400 217
3 400 240
59 400 260
40 400 270
67 400 300
67 403 300
99 400 380
8 400 390
49 400 550
98 400 570
71 400 600
15 400 610
17 400 630
38 400 780
7 400 790
60 400 820
13 400 890
19 400 900
16 400 910
11 410 0
94 410 40
39 410 60
77 410 80
55 410 140
50 410 160
69 410 190
64 410 210
64 410 217
3 410 240
59 410 260
40 410 270
67 410 300
67 413 300
99 410 380
8 410 390
49 410 550
98 410 570
71 410 600
15 410 610
17 410 630
38 410 780
7 410 790
60 410 820
13 410 890
19 410 900
16 410 910
11 420 0
94 420 40
39 420 60
77 420 80
55 420 140
50 420 160
69 420 190
64 420 210
64 420 217
3 420 240
59 420 260
40 420 270
67 420 300
67 423 300
99 420 380
8 420 390
49 420 550
98 420 570
71 420 600
15 420 610
17 420 630
38 420 780
7 420 790
60 420 820
13 420 890
19 420 900
16 420 910
11 430 0
94 430 40
39 430 60
77 430 80
55 430 140
50 430 160
69 430 190
64 430 210
64 430 217
3 430 240
59 430 260
40 430 270
67 430 300
67 433 300
99 430 380
8 430 390
49 430 550
98 430 570
71 430 600
15 430 610
17 430 630
38 430 780
7 430 790
60 430 820
13 430 890
19 430 900
16 430 910
11 440 0
94 440 40
39 440 60
77 440 80
55 440 140
50 440 160
69 440 190
64 440 210
64 440 217
3 440 240
59 440 260
40 440 270
67 440 300
67 443 300
99 440 380
8 440 390
49 440 550
98 440 570
71 440 600
15 440 610
17 440 630
38 440 780
7 440 790
60 440 820
13 440 890
19 440 900
16 440 910
11 450 0
94 450 40
39 450 60
77 450 80
55 450 140
50 450 160
69 450 190
64 450 210
64 450 217
3 450 240
59 450 260
40 450 270
67 450 300
67 453 300
99 450 380
8 450 390
49 450 550
98 450 570
71 450 600
15 450 610
17 450 630
38 450 780
7 450 790
60 450 820
13 450 890
19 450 900
16 450 910
11 460 0
94 460 40
39 460 60
77 460 80
55 460 140
50 460 160
69 460 190
64 460 210
64 460 217
3 460 240
59 460 260
40 460 270
67 460 300
67 463 300
99 460 380
8 460 390
49 460 550
98 460 570
71 460 600
15 460 610
17 460 630
38 460 780
7 460 790
60 460 820
13 460 890
19 460 900
16 460 910
11 470 0
94 470 40
39 470 60
77 470 80
55 470 140
50 470 160
69 470 190
64 470 210
64 470 217
3 470 240
59 470 260
40 470 270
67 470 300
67 473 300
99 470 380
8 470 390
49 470 550
98 470 570
71 470 600
15 470 610
17 470 630
38 470 780
7 470 790
60 470 820
13 470 890
19 470 900
16 470 910
11 480 0
94 480 40
39 480 60
77 480 80
55 480 140
50 480 160
69 480 190
64 480 210
64 480 217
3 480 240
59 480 260
40 480 270
67 480 300
67 483 300
99 480 380
8 480 390
49 480 550
98 480 570
71 480 600
15 480 610
17 480 630
38 480 780
7 480 790
60 480 820
13 480 890
19 480 900
16 480 910
11 490 0
94 490 40
39 490 60
77 490 80
55 490 140
50 490 160
69 490 190
64 490 210
64 490 217
3 490 240
59 490 260
40 490 270
67 490 300
67 493 300
99 490 380
8 490 390
49 490 550
98 490 570
71 490 600
15 490 610
17 490 630
38 490 780
7 490 790
60 490 820
13 490 890
19 490 900
16 490 910
11 500 0
94 500 40
39 500 60
77 500 80
55 500 140
50 500 160
69 500 190
64 500 210
64 500 217
3 500 240
59 500 260
40 500 270
67 500 300
67 503 300
99 500 380
8 500 390
49 500 550
98 500 570
71 500 600
15 500 610
17 500 630
38 500 780
7 500 790
60 500 820
13 500 890
19 500 900
16 500 910
11 510 0
94 510 40
39 510 60
77 510 80
55 510 140
50 510 160
69 510 190
64 510 210
64 510 217
3 510 240
59 510 260
40 510 270
67 510 300
67 513 300
99 510 380
8 510 390
49 510 550
98 510 570
71 510 600
15 510 610
17 510 630
38 510 780
7 510 790
60 510 820
13 510 890
19 510 900
16 510 910
11 520 0
94 520 40
39 520 60
77 520 80
55 520 140
50 520 160
69 520 190
64 520 210
64 520 217
3 520 240
59 520 260
40 520 270
67 520 300
67 523 300
99 520 380
8 520 390
49 520 550
98 520 570
71 520 600
15 520 610
17 520 630
38 520 780
7 520 790
60 520 820
13 520 890
19 520 900
16 520 910
11 530 0
94 530 40
39 530 60
77 530 80
55 530 140
50 530 160
69 530 190
64 530 210
64 530 217
3 530 240
59 530 260
40 530 270
67 530 300
67 533 300
99 530 380
8 530 390
49 530 550
98 530 570
71 530 600
15 530 610
17 530 630
38 530 780
7 530 790
60 530 820
13 530 890
19 530 900
16 530 910
11 540 0
94 540 40
39 540 60
77 540 80
55 540 140
50 540 160
69 540 190
64 540 210
64 540 217
3 540 240
59 540 260
40 540 270
67 540 300
67 543 300
99 540 380
8 540 390
49 540 550
98 540 570
71 540 600
15 540 610
17 540 630
38 540 780
7 540 790
60 540 820
13 540 890
19 540 900
16 540 910
11 550 0
94 550 40
39 550 60
77 550 80
55 550 140
50 550 160
69 550 190
64 550 210
64 550 217
3 550 240
59 550 260
40 550 270
67 550 300
67 553 300
99 550 380
8 550 390
49 550 550
98 550 570
71 550 600
15 550 610
17 550 630
38 550 780
7 550 790
60 550 820
13 550 890
19 550 900
16 550 910
11 560 0
94 560 40
39 560 60
77 560 80
55 560 140
50 560 160
69 560 190
64 560 210
64 560 217
3 560 240
59 560 260
40 560 270
67 560 300
67 563 300
99 560 380
8 560 390
49 560 550
98 560 570
71 560 600
15 560 610
17 560 630
38 560 780
7 560 790
60 560 820
13 560 890
19 560 900
16 560 910
11 570 0
94 570 40
39 570 60
77 570 80
55 570 140
50 570 160
69 570 190
64 570 210
64 570 217
3 570 240
59 570 260
40 570 270
67 570 300
67 573 300
99 570 380
8 570 390
49 570 550
98 570 570
71 570 600
15 570 610
17 570 630
38 570 780
7 570 790
60 570 820
13 570 890
19 570 900
16 570 910
11 580 0
94 580 40
39 580 60
77 580 80
55 580 140
50 580 160
69 580 190
64 580 210
64 580 217
3 580 240
59 580 260
40 580 270
67 580 300
67 583 300
99 580 380
8 580 390
49 580 550
98 580 570
71 580 600
15 580 610
17 580 630
38 580 780
7 580 790
60 580 820
13 580 890
19 580 900
16 580 910
11 590 0
94 590 40
39 590 60
77 590 80
55 590 140
50 590 160
69 590 190
64 590 210
64 590 217
3 590 240
59 590 260
40 590 270
67 590 300
67 593 300
99 590 380
8 590 390
49 590 550
98 590 570
71 590 600
15 590 610
17 590 630
38 590 780
7 590 790
60 590 820
13 590 890
19 590 900
16 590 910
11 600 0
94 600 40
39 600 60
77 600 80
55 600 140
50 600 160
69 600 190
64 600 210
64 600 217
3 600 240
59 600 260
40 600 270
67 600 300
67 603 300
99 600 380
8 600 390
49 600 550
98 600 570
71 600 600
15 600 610
17 600 630
38 600 780
7 600 790
60 600 820
13 600 890
19 600 900
16 600 910
11 610 0
94 610 40
39 610 60
77 610 80
55 610 140
50 610 160
69 610 190
64 610 210
64 610 217
3 610 240
59 610 260
40 610 270
67 610 300
67 613 300
99 610 380
8 610 390
49 610 550
98 610 570
71 610 600
15 610 610
17 610 630
38 610 780
7 610 790
60 610 820
13 610 890
19 610 900
16 610 910
11 620 0
94 620 40
39 620 60
77 620 80
55 620 140
50 620 160
69 620 190
64 620 210
64 620 217
3 620 240
59 620 260
40 620 270
67 620 300
67 623 300
99 620 380
8 620 390
49 620 550
98 620 570
71 620 600
15 620 610
17 620 630
38 620 780
7 620 790
60 620 820
13 620 890
19 620 900
16 620 910
11 630 0
94 630 40
39 630 60
77 630 80
55 630 140
50 630 160
69 630 190
64 630 210
64 630 217
3 630 240
59 630 260
40 630 270
67 630 300
67 633 300
99 630 380
8 630 390
49 630 550
98 630 570
71 630 600
15 630 610
17 630 630
38 630 780
7 630 790
60 630 820
13 630 890
19 630 900
16 630 910
11 640 0
94 640 40
39 640 60
77 640 80
55 640 140
50 640 160
69 640 190
64 640 210
64 640 217
3 640 240
59 640 260
40 640 270
67 640 300
67 643 300
99 640 380
8 640 390
49 640 550
98 640 570
71 640 600
15 640 610
17 640 630
38 640 780
7 640 790
60 640 820
13 640 890
19 640 900
16 640 910
11 650 0
94 650 40
39 650 60
77 650 80
55 650 140
50 650 160
69 650 190
64 650 210
64 650 217
3 650 240
59 650 260
40 650 270
67 650 300
67 653 300
99 650 380
8 650 390
49 650 550
98 650 570
71 650 600
15 650 610
17 650 630
38 650 780
7 650 790
60 650 820
13 650 890
19 650 900
16 650 910
11 660 0
94 660 40
39 660 60
77 660 80
55 660 140
50 660 160
69 660 190
64 660 210
64 660 217
3 660 240
59 660 260
40 660 270
67 660 300
67 663 300
99 660 380
8 660 390
49 660 550
98 660 570
71 660 600
15 660 610
17 660 630
38 660 780
7 660 790
60 660 820
13 660 890
19 660 900
16 660 910
11 670 0
94 670 40
39 670 60
77 670 80
55 670 140
50 670 160
69 670 190
64 670 210
64 670 217
3 670 240
59 670 260
40 670 270
67 670 300
67 673 300
99 670 380
8 670 390
49 670 550
98 670 570
71 670 600
15 670 610
17 670 630
38 670 780
7 670 790
60 670 820
13 670 890
19 670 900
16 670 910
11 680 0
94 680 40
39 680 60
77 680 80
55 680 140
50 680 160
69 680 190
64 680 210
64 680 217
3 680 240
59 680 260
40 680 270
67 680 300
67 683 300
99 680 380
8 680 390
49 680 550
98 680 570
71 680 600
15 680 610
17 680 630
38 680 780
7 680 790
60 680 820
13 680 890
19 680 900
16 680 910
11 690 0
94 690 40
39 690 60
77 690 80
55 690 140
50 690 160
69 690 190
64 690 210
64 690 217
3 690 240
59 690 260
40 690 270
67 690 300
67 693 300
99 690 380
8 690 390
49 690 550
98 690 570
71 690 600
15 690 610
17 690 630
38 690 780
7 690 790
60 690 820
13 690 890
19 690 900
16 690 910
11 700 0
94 700 40
39 700 60
77 700 80
55 700 140
50 700 160
69 700 190
64 700 210
64 700 217
3 700 240
59 700 260
40 700 270
67 700 300
67 703 300
99 700 380
8 700 390
49 700 550
98 700 570
71 700 600
15 700 610
17 700 630
38 700 780
7 700 790
60 700 820
13 700 890
19 700 900
16 700 910
11 710 0
94 710 40
39 710 60
77 710 80
55 710 140
50 710 160
69 710 190
64 710 210
64 710 217
3 710 240
59 710 260
40 710 270
67 710 300
67 713 300
99 710 380
8 710 390
49 710 550
98 710 570
71 710 600
15 710 610
17 710 630
38 710 780
7 710 790
60 710 820
13 710 890
19 710 900
16 710 910
11 720 0
94 720 40
39 720 60
77 720 80
55 720 140
50 720 160
69 720 190
64 720 210
64 720 217
3 720 240
59 720 260
40 720 270
67 720 300
67 723 300
99 720 380
8 720 390
49 720 550
98 720 570
71 720 600
15 720 610
17 720 630
38 720 780
7 720 790
60 720 820
13 720 890
19 720 900
16 720 910
11 730 0
94 730 40
39 730 60
77 730 80
55 730 140
50 730 160
69 730 190
64 730 210
64 730 217
3 730 240
59 730 260
40 730 270
67 730 300
67 733 300
99 730 380
8 730 390
49 730 550
98 730 570
71 730 600
15 730 610
17 730 630
38 730 780
7 730 790
60 730 820
13 730 890
19 730 900
16 730 910
11 740 0
94 740 40
39 740 60
77 740 80
55 740 140
50 740 160
69 740 190
64 740 210
64 740 217
3 740 240
59 740 260
40 740 270
67 740 300
67 743 300
99 740 380
8 740 390
49 740 550
98 740 570
71 740 600
15 740 610
17 740 630
38 740 780
7 740 790
60 740 820
13 740 890
19 740 900
16 740 910
11 750 0
94 750 40
39 750 60
77 750 80
55 750 140
50 750 160
69 750 190
64 750 210
64 750 217
3 750 240
59 750 260
40 750 270
67 750 300
67 753 300
99 750 380
8 750 390
49 750 550
98 750 570
71 750 600
15 750 610
17 750 630
38 750 780
7 750 790
60 750 820
13 750 890
19 750 900
16 750 910
11 760 0
94 760 40
39 760 60
77 760 80
55 760 140
50 760 160
69 760 190
64 760 210
64 760 217
3 760 240
59 760 260
40 760 270
67 760 300
67 763 300
99 760 380
8 760 390
49 760 550
98 760 570
71 760 600
15 760 610
17 760 630
38 760 780
7 760 790
60 760 820
13 760 890
19 760 900
16 760 910
11 770 0
94 770 40
39 770 60
77 770 80
55 770 140
50 770 160
69 770 190
64 770 210
64 770 217
3 770 240
59 770 260
40 770 270
67 770 300
67 773 300
99 770 380
8 770 390
49 770 550
98 770 570
71 770 600
15 770 610
17 770 630
38 770 780
7 770 790
60 770 820
13 770 890
19 770 900
16 770 910
11 780 0
94 780 40
39 780 60
77 780 80
55 780 140
50 780 160
69 780 190
64 780 210
64 780 217
3 780 240
59 780 260
40 780 270
67 780 300
67 783 300
99 780 380
8 780 390
49 780 550
98 780 570
71 780 600
15 780 610
17 780 630
38 780 780
7 780 790
60 780 820
13 780 890
19 780 900
16 780 910
11 790 0
94 790 40
39 790 60
77 790 80
55 790 140
50 790 160
69 790 190
64 790 210
64 790 217
3 790 240
59 790 260
40 790 270
67 790 300
67 793 300
99 790 380
8 790 390
49 790 550
98 790 570
71 790 600
15 790 610
17 790 630
38 790 780
7 790 790
60 790 820
13 790 890
19 790 900
16 790 910
11 800 0
94 800 40
39 800 60
77 800 80
55 800 140
50 800 160
69 800 190
64 800 210
64 800 217
3 800 240
59 800 260
40 800 270
67 800 300
67 803 300
99 800 380
8 800 390
49 800 550
98 800 570
71 800 600
15 800 610
17 800 630
38 800 780
7 800 790
60 800 820
13 800 890
19 800 900
16 800 910
11 810 0
94 810 40
39 810 60
77 810 80
55 810 140
50 810 160
69 810 190
64 810 210
64 810 217
3 810 240
59 810 260
40 810 270
67 810 300
67 813 300
99 810 380
8 810 390
49 810 550
98 810 570
71 810 600
15 810 610
17 810 630
38 810 780
7 810 790
60 810 820
13 810 890
19 810 900
16 810 910
11 820 0
94 820 40
39 820 60
77 820 80
55 820 140
50 820 160
69 820 190
64 820 210
64 820 217
3 820 240
59 820 260
40 820 270
67 820 300
67 823 300
99 820 380
8 820 390
49 820 550
98 820 570
71 820 600
15 820 610
17 820 630
38 820 780
7 820 790
60 820 820
13 820 890
19 820 900
16 820 910
11 830 0
94 830 40
39 830 60
77 830 80
55 830 140
50 830 160
69 830 190
64 830 210
64 830 217
3 830 240
59 830 260
40 830 270
67 830 300
67 833 300
99 830 380
8 830 390
49 830 550
98 830 570
71 830 600
15 830 610
17 830 630
38 830 780
7 830 790
60 830 820
13 830 890
19 830 900
16 830 910
11 840 0
94 840 40
39 840 60
77 840 80
55 840 140
50 840 160
69 840 190
64 840 210
64 840 217
3 840 240
59 840 260
40 840 270
67 840 300
67 843 300
99 840 380
8 840 390
49 840 550
98 840 570
71 840 600
15 840 610
17 840 630
38 840 780
7 840 790
60 840 820
13 840 890
19 840 900
16 840 910
11 850 0
94 850 40
39 850 60
77 850 80
55 850 140
50 850 160
69 850 190
64 850 210
64 850 217
3 850 240
59 850 260
40 850 270
67 850 300
67 853 300
99 850 380
8 850 390
49 850 550
98 850 570
71 850 600
15 850 610
17 850 630
38 850 780
7 850 790
60 850 820
13 850 890
19 850 900
16 850 910
11 860 0
94 860 40
39 860 60
77 860 80
55 860 140
50 860 160
69 860 190
64 860 210
64 860 217
3 860 240
59 860 260
40 860 270
67 860 300
67 863 300
99 860 380
8 860 390
49 860 550
98 860 570
71 860 600
15 860 610
17 860 630
38 860 780
7 860 790
60 860 820
13 860 890
19 860 900
16 860 910
11 870 0
94 870 40
39 870 60
77 870 80
55 870 140
50 870 160
69 870 190
64 870 210
64 870 217
3 870 240
59 870 260
40 870 270
67 870 300
67 873 300
99 870 380
8 870 390
49 870 550
98 870 570
71 870 600
15 870 610
17 870 630
38 870 780
7 870 790
60 870 820
13 870 890
19 870 900
16 870 910
11 880 0
94 880 40
39 880 60
77 880 80
55 880 140
50 880 160
69 880 190
64 880 210
64 880 217
3 880 240
59 880 260
40 880 270
67 880 300
67 883 300
99 880 380
8 880 390
49 880 550
98 880 570
71 880 600
15 880 610
17 880 630
38 880 780
7 880 790
60 880 820
13 880 890
19 880 900
16 880 910
11 890 0
94 890 40
39 890 60
77 890 80
55 890 140
50 890 160
69 890 190
64 890 210
64 890 217
3 890 240
59 890 260
40 890 270
67 890 300
67 893 300
99 890 380
8 890 390
49 890 550
98 890 570
71 890 600
15 890 610
17 890 630
38 890 780
7 890 790
60 890 820
13 890 890
19 890 900
16 890 910
11 900 0
94 900 40
39 900 60
77 900 80
55 900 140
50 900 160
69 900 190
64 900 210
64 900 217
3 900 240
59 900 260
40 900 270
67 900 300
67 903 300
99 900 380
8 900 390
49 900 550
98 900 570
71 900 600
15 900 610
17 900 630
38 900 780
7 900 790
60 900 820
13 900 890
19 900 900
16 900 910
11 910 0
94 910 40
39 910 60
77 910 80
55 910 140
50 910 160
69 910 190
64 910 210
64 910 217
3 910 240
59 910 260
40 910 270
67 910 300
67 913 300
99 910 380
8 910 390
49 910 550
98 910 570
71 910 600
15 910 610
17 910 630
38 910 780
7 910 790
60 910 820
13 910 890
19 910 900
16 910 910
11 920 0
94 920 40
39 920 60
77 920 80
55 920 140
50 920 160
69 920 190
64 920 210
64 920 217
3 920 240
59 920 260
40 920 270
67 920 300
67 923 300
99 920 380
8 920 390
49 920 550
98 920 570
71 920 600
15 920 610
17 920 630
38 920 780
7 920 790
60 920 820
13 920 890
19 920 900
16 920 910
11 930 0
94 930 40
39 930 60
77 930 80
55 930 140
50 930 160
69 930 190
64 930 210
64 930 217
3 930 240
59 930 260
40 930 270
67 930 300
67 933 300
99 930 380
8 930 390
49 930 550
98 930 570
71 930 600
15 930 610
17 930 630
38 930 780
7 930 790
60 930 820
13 930 890
19 930 900
16 930 910
11 940 0
94 940 40
39 940 60
77 940 80
55 940 140
50 940 160
69 940 190
64 940 210
64 940 217
3 940 240
59 940 260
40 940 270
67 940 300
67 943 300
99 940 380
8 940 390
49 940 550
98 940 570
71 940 600
15 940 610
17 940 630
38 940 780
7 940 790
60 940 820
13 940 890
19 940 900
16 940 910
11 950 0
94 950 40
39 950 60
77 950 80
55 950 140
50 950 160
69 950 190
64 950 210
64 950 217
3 950 240
59 950 260
40 950 270
67 950 300
67 953 300
99 950 380
8 950 390
49 950 550
98 950 570
71 950 600
15 950 610
17 950 630
38 950 780
7 950 790
60 950 820
13 950 890
19 950 900
16 950 910
11 960 0
94 960 40
39 960 60
77 960 80
55 960 140
50 960 160
69 960 190
64 960 210
64 960 217
3 960 240
59 960 260
40 960 270
67 960 300
67 963 300
99 960 380
8 960 390
49 960 550
98 960 570
71 960 600
15 960 610
17 960 630
38 960 780
7 960 790
60 960 820
13 960 890
19 960 900
16 960 910
11 970 0
94 970 40
39 970 60
77 970 80
55 970 140
50 970 160
69 970 190
64 970 210
64 970 217
3 970 240
59 970 260
40 970 270
67 970 300
67 973 300
99 970 380
8 970 390
49 970 550
98 970 570
71 970 600
15 970 610
17 970 630
38 970 780
7 970 790
60 970 820
13 970 890
19 970 900
16 970 910
11 980 0
94 980 40
39 980 60
77 980 80
55 980 140
50 980 160
69 980 190
64 980 210
64 980 217
3 980 240
59 980 260
40 980 270
67 980 300
67 983 300
99 980 380
8 980 390
49 980 550
98 980 570
71 980 600
15 980 610
17 980 630
38 980 780
7 980 790
60 980 820
13 980 890
19 980 900
16 980 910
11 990 0
94 990 40
39 990 60
77 990 80
55 990 140
50 990 160
69 990 190
64 990 210
64 990 217
3 990 240
59 990 260
40 990 270
67 990 300
67 993 300
99 990 380
8 990 390
49 990 550
98 990 570
71 990 600
15 990 610
17 990 630
38 990 780
7 990 790
60 990 820
13 990 890
19 990 900
16 990 910
134 0 120
195 0 150
195 0 152
199 0 180
199 1 180
191 0 211
180 0 280
180 0 281
110 0 308
169 0 410
169 0 415
163 0 420
163 0 425
193 0 470
193 0 471
137 0 480
121 0 590
142 0 700
142 0 702
112 0 810
112 0 811
138 0 950
138 0 954
185 0 960
185 0 961
134 10 120
195 10 150
195 10 152
199 10 180
199 11 180
191 10 211
180 10 280
180 10 281
110 10 308
169 10 410
169 10 415
163 10 420
163 10 425
193 10 470
193 10 471
137 10 480
121 10 590
142 10 700
142 10 702
112 10 810
112 10 811
138 10 950
138 10 954
185 10 960
185 10 961
134 20 120
195 20 150
195 20 152
199 20 180
199 21 180
191 20 211
180 20 280
180 20 281
110 20 308
169 20 410
169 20 415
163 20 420
163 20 425
193 20 470
193 20 471
137 20 480
121 20 590
142 20 700
142 20 702
112 20 810
112 20 811
138 20 950
138 20 954
185 20 960
185 20 961
134 30 120
195 30 150
195 30 152
199 30 180
199 31 180
191 30 211
180 30 280
180 30 281
110 30 308
169 30 410
169 30 415
163 30 420
163 30 425
193 30 470
193 30 471
137 30 480
121 30 590
142 30 700
142 30 702
112 30 810
112 30 811
138 30 950
138 30 954
185 30 960
185 30 961
134 40 120
195 40 150
195 40 152
199 40 180
199 41 180
191 40 211
180 40 280
180 40 281
110 40 308
169 40 410
169 40 415
163 40 420
163 40 425
193 40 470
193 40 471
137 40 480
121 40 590
142 40 700
142 40 702
112 40 810
112 40 811
138 40 950
138 40 954
185 40 960
185 40 961
134 50 120
195 50 150
195 50 152
199 50 180
199 51 180
191 50 211
180 50 280
180 50 281
110 50 308
169 50 410
169 50 415
163 50 420
163 50 425
193 50 470
193 50 471
137 50 480
121 50 590
142 50 700
142 50 702
112 50 810
112 50 811
138 50 950
138 50 954
185 50 960
185 50 961
134 60 120
195 60 150
195 60 152
199 60 180
199 61 180
191 60 211
180 60 280
180 60 281
110 60 308
169 60 410
169 60 415
163 60 420
163 60 425
193 60 470
193 60 471
137 60 480
121 60 590
142 60 700
142 60 702
112 60 810
112 60 811
138 60 950
138 60 954
185 60 960
185 60 961
134 70 120
195 70 150
195 70 152
199 70 180
199 71 180
191 70 211
180 70 280
180 70 281
110 70 308
169 70 410
169 70 415
163 70 420
163 70 425
193 70 470
193 70 471
137 70 480
121 70 590
142 70 700
142 70 702
112 70 810
112 70 811
138 70 950
138 70 954
185 70 960
185 70 961
134 80 120
195 80 150
195 80 152
199 80 180
199 81 180
191 80 211
180 80 280
180 80 281
110 80 308
169 80 410
169 80 415
163 80 420
163 80 425
193 80 470
193 80 471
137 80 480
121 80 590
142 80 700
142 80 702
112 80 810
112 80 811
138 80 950
138 80 954
185 80 960
185 80 961
134 90 120
195 90 150
195 90 152
199 90 180
199 91 180
191 90 211
180 90 280
180 90 281
110 90 308
169 90 410
169 90 415
163 90 420
163 90 425
193 90 470
193 90 471
137 90 480
121 90 590
142 90 700
142 90 702
112 90 810
112 90 811
138 90 950
138 90 954
185 90 960
185 90 961
134 100 120
195 100 150
195 100 152
199 100 180
199 101 180
191 100 211
180 100 280
180 100 281
110 100 308
169 100 410
169 100 415
163 100 420
163 100 425
193 100 470
193 100 471
137 100 480
121 100 590
142 100 700
142 100 702
112 100 810
112 100 811
138 100 950
138 100 954
185 100 960
185 100 961
134 110 120
195 110 150
195 110 152
199 110 180
199 111 180
191 110 211
180 110 280
180 110 281
110 110 308
169 110 410
169 110 415
163 110 420
163 110 425
193 110 470
193 110 471
137 110 480
121 110 590
142 110 700
142 110 702
112 110 810
112 110 811
138 110 950
138 110 954
185 110 960
185 110 961
134 120 120
195 120 150
195 120 152
199 120 180
199 121 180
191 120 211
180 120 280
180 120 281
110 120 308
169 120 410
169 120 415
163 120 420
163 120 425
193 120 470
193 120 471
137 120 480
121 120 590
142 120 700
142 120 702
112 120 810
112 120 811
138 120 950
138 120 954
185 120 960
185 120 961
134 130 120
195 130 150
195 130 152
199 130 180
199 131 180
191 130 211
180 130 280
180 130 281
110 130 308
169 130 410
169 130 415
163 130 420
163 130 425
193 130 470
193 130 471
137 130 480
121 130 590
142 130 700
142 130 702
112 130 810
112 130 811
138 130 950
138 130 954
185 130 960
185 130 961
134 140 120
195 140 150
195 140 152
199 140 180
199 141 180
191 140 211
180 140 280
180 140 281
110 140 308
169 140 410
169 140 415
163 140 420
163 140 425
193 140 470
193 140 471
137 140 480
121 140 590
142 140 700
142 140 702
112 140 810
112 140 811
138 140 950
138 140 954
185 140 960
185 140 961
134 150 120
195 150 150
195 150 152
199 150 180
199 151 180
191 150 211
180 150 280
180 150 281
110 150 308
169 150 410
169 150 415
163 150 420
163 150 425
193 150 470
193 150 471
137 150 480
121 150 590
142 150 700
142 150 702
112 150 810
112 150 811
138 150 950
138 150 954
185 150 960
185 150 961
134 160 120
195 160 150
195 160 152
199 160 180
199 161 180
191 160 211
180 160 280
180 160 281
110 160 308
169 160 410
169 160 415
163 160 420
163 160 425
193 160 470
193 160 471
137 160 480
121 160 590
142 160 700
142 160 702
112 160 810
112 160 811
138 160 950
138 160 954
185 160 960
185 160 961
134 170 120
195 170 150
195 170 152
199 170 180
199 171 180
191 170 211
180 170 280
180 170 281
110 170 308
169 170 410
169 170 415
163 170 420
163 170 425
193 170 470
193 170 471
137 170 480
121 170 590
142 170 700
142 170 702
112 170 810
112 170 811
138 170 950
138 170 954
185 170 960
185 170 961
134 180 120
195 180 150
195 180 152
199 180 180
199 181 180
191 180 211
180 180 280
180 180 281
110 180 308
169 180 410
169 180 415
163 180 420
163 180 425
193 180 470
193 180 471
137 180 480
121 180 590
142 180 700
142 180 702
112 180 810
112 180 811
138 180 950
138 180 954
185 180 960
185 180 961
134 190 120
195 190 150
195 190 152
199 190 180
199 191 180
191 190 211
180 190 280
180 190 281
110 190 308
169 190 410
169 190 415
163 190 420
163 190 425
193 190 470
193 190 471
137 190 480
121 190 590
142 190 700
142 190 702
112 190 810
112 190 811
138 190 950
138 190 954
185 190 960
185 190 961
134 200 120
195 200 150
195 200 152
199 200 180
199 201 180
191 200 211
180 200 280
180 200 281
110 200 308
169 200 410
169 200 415
163 200 420
163 200 425
193 200 470
193 200 471
137 200 480
121 200 590
142 200 700
142 200 702
112 200 810
112 200 811
138 200 950
138 200 954
185 200 960
185 200 961
134 210 120
195 210 150
195 210 152
199 210 180
199 211 180
191 210 211
180 210 280
180 210 281
110 210 308
169 210 410
169 210 415
163 210 420
163 210 425
193 210 470
193 210 471
137 210 480
121 210 590
142 210 700
142 210 702
112 210 810
112 210 811
138 210 950
138 210 954
185 210 960
185 210 961
134 220 120
195 220 150
195 220 152
199 220 180
199 221 180
191 220 211
180 220 280
180 220 281
110 220 308
169 220 410
169 220 415
163 220 420
163 220 425
193 220 470
193 220 471
137 220 480
121 220 590
142 220 700
142 220 702
112 220 810
112 220 811
138 220 950
138 220 954
185 220 960
185 220 961
134 230 120
195 230 150
195 230 152
199 230 180
199 231 180
191 230 211
180 230 280
180 230 281
110 230 308
169 230 410
169 230 415
163 230 420
163 230 425
193 230 470
193 230 471
137 230 480
121 230 590
142 230 700
142 230 702
112 230 810
112 230 811
138 230 950
138 230 954
185 230 960
185 230 961
134 240 120
195 240 150
195 240 152
199 240 180
199 241 180
191 240 211
180 240 280
180 240 281
110 240 308
169 240 410
169 240 415
163 240 420
163 240 425
193 240 470
193 240 471
137 240 480
121 240 590
142 240 700
142 240 702
112 240 810
112 240 811
138 240 950
138 240 954
185 240 960
185 240 961
134 250 120
195 250 150
195 250 152
199 250 180
199 251 180
191 250 211
180 250 280
180 250 281
110 250 308
169 250 410
169 250 415
163 250 420
163 250 425
193 250 470
193 250 471
137 250 480
121 250 590
142 250 700
142 250 702
112 250 810
112 250 811
138 250 950
138 250 954
185 250 960
185 250 961
134 260 120
195 260 150
195 260 152
199 260 180
199 261 180
191 260 211
180 260 280
180 260 281
110 260 308
169 260 410
169 260 415
163 260 420
163 260 425
193 260 470
193 260 471
137 260 480
121 260 590
142 260 700
142 260 702
112 260 810
112 260 811
138 260 950
138 260 954
185 260 960
185 260 961
134 270 120
195 270 150
195 270 152
199 270 180
199 271 180
191 270 211
180 270 280
180 270 281
110 270 308
169 270 410
169 270 415
163 270 420
163 270 425
193 270 470
193 270 471
137 270 480
121 270 590
142 270 700
142 270 702
112 270 810
112 270 811
138 270 950
138 270 954
185 270 960
185 270 961
134 280 120
195 280 150
195 280 152
199 280 180
199 281 180
191 280 211
180 280 280
180 280 281
110 280 308
169 280 410
169 280 415
163 280 420
163 280 425
193 280 470
193 280 471
137 280 480
121 280 590
142 280 700
142 280 702
112 280 810
112 280 811
138 280 950
138 280 954
185 280 960
185 280 961
134 290 120
195 290 150
195 290 152
199 290 180
199 291 180
191 290 211
180 290 280
180 290 281
110 290 308
169 290 410
169 290 415
163 290 420
163 290 425
193 290 470
193 290 471
137 290 480
121 290 590
142 290 700
142 290 702
112 290 810
112 290 811
138 290 950
138 290 954
185 290 960
185 290 961
134 300 120
195 300 150
195 300 152
199 300 180
199 301 180
191 300 211
180 300 280
180 300 281
110 300 308
169 300 410
169 300 415
163 300 420
163 300 425
193 300 470
193 300 471
137 300 480
121 300 590
142 300 700
142 300 702
112 300 810
112 300 811
138 300 950
138 300 954
185 300 960
185 300 961
134 310 120
195 310 150
195 310 152
199 310 180
199 311 180
191 310 211
180 310 280
180 310 281
110 310 308
169 310 410
169 310 415
163 310 420
163 310 425
193 310 470
193 310 471
137 310 480
121 310 590
142 310 700
142 310 702
112 310 810
112 310 811
138 310 950
138 310 954
185 310 960
185 310 961
134 320 120
195 320 150
195 320 152
199 320 180
199 321 180
191 320 211
180 320 280
180 320 281
110 320 308
169 320 410
169 320 415
163 320 420
163 320 425
193 320 470
193 320 471
137 320 480
121 320 590
142 320 700
142 320 702
112 320 810
112 320 811
138 320 950
138 320 954
185 320 960
185 320 961
134 330 120
195 330 150
195 330 152
199 330 180
199 331 180
191 330 211
180 330 280
180 330 281
110 330 308
169 330 410
169 330 415
163 330 420
163 330 425
193 330 470
193 330 471
137 330 480
121 330 590
142 330 700
142 330 702
112 330 810
112 330 811
138 330 950
138 330 954
185 330 960
185 330 961
134 340 120
195 340 150
195 340 152
199 340 180
199 341 180
191 340 211
180 340 280
180 340 281
110 340 308
169 340 410
169 340 415
163 340 420
163 340 425
193 340 470
193 340 471
137 340 480
121 340 590
142 340 700
142 340 702
112 340 810
112 340 811
138 340 950
138 340 954
185 340 960
185 340 961
134 350 120
195 350 150
195 350 152
199 350 180
199 351 180
191 350 211
180 350 280
180 350 281
110 350 308
169 350 410
169 350 415
163 350 420
163 350 425
193 350 470
193 350 471
137 350 480
121 350 590
142 350 700
142 350 702
112 350 810
112 350 811
138 350 950
138 350 954
185 350 960
185 350 961
134 360 120
195 360 150
195 360 152
199 360 180
199 361 180
191 360 211
180 360 280
180 360 281
110 360 308
169 360 410
169 360 415
163 360 420
163 360 425
193 360 470
193 360 471
137 360 480
121 360 590
142 360 700
142 360 702
112 360 810
112 360 811
138 360 950
138 360 954
185 360 960
185 360 961
134 370 120
195 370 150
195 370 152
199 370 180
199 371 180
191 370 211
180 370 280
180 370 281
110 370 308
169 370 410
169 370 415
163 370 420
163 370 425
193 370 470
193 370 471
137 370 480
121 370 590
142 370 700
142 370 702
112 370 810
112 370 811
138 370 950
138 370 954
185 370 960
185 370 961
134 380 120
195 380 150
195 380 152
199 380 180
199 381 180
191 380 211
180 380 280
180 380 281
110 380 308
169 380 410
169 380 415
163 380 420
163 380 425
193 380 470
193 380 471
137 380 480
121 380 590
142 380 700
142 380 702
112 380 810
112 380 811
138 380 950
138 380 954
185 380 960
185 380 961
134 390 120
195 390 150
195 390 152
199 390 180
199 391 180
191 390 211
180 390 280
180 390 281
110 390 308
169 390 410
169 390 415
163 390 420
163 390 425
193 390 470
193 390 471
137 390 480
121 390 590
142 390 700
142 390 702
112 390 810
112 390 811
138 390 950
138 390 954
185 390 960
185 390 961
134 400 120
195 400 150
195 400 152
199 400 180
199 401 180
191 400 211
180 400 280
180 400 281
110 400 308
169 400 410
169 400 415
163 400 420
163 400 425
193 400 470
193 400 471
137 400 480
121 400 590
142 400 700
142 400 702
112 400 810
112 400 811
138 400 950
138 400 954
185 400 960
185 400 961
134 410 120
195 410 150
195 410 152
199 410 180
199 411 180
191 410 211
180 410 280
180 410 281
110 410 308
169 410 410
169 410 415
163 410 420
163 410 425
193 410 470
193 410 471
137 410 480
121 410 590
142 410 700
142 410 702
112 410 810
112 410 811
138 410 950
138 410 954
185 410 960
185 410 961
134 420 120
195 420 150
195 420 152
199 420 180
199 421 180
191 420 211
180 420 280
180 420 281
110 420 308
169 420 410
169 420 415
163 420 420
163 420 425
193 420 470
193 420 471
137 420 480
121 420 590
142 420 700
142 420 702
112 420 810
112 420 811
138 420 950
138 420 954
185 420 960
185 420 961
134 430 120
195 430 150
195 430 152
199 430 180
199 431 180
191 430 211
180 430 280
180 430 281
110 430 308
169 430 410
169 430 415
163 430 420
163 430 425
193 430 470
193 430 471
137 430 480
121 430 590
142 430 700
142 430 702
112 430 810
112 430 811
138 430 950
138 430 954
185 430 960
185 430 961
134 440 120
195 440 150
195 440 152
199 440 180
199 441 180
191 440 211
180 440 280
180 440 281
110 440 308
169 440 410
169 440 415
163 440 420
163 440 425
193 440 470
193 440 471
137 440 480
121 440 590
142 440 700
142 440 702
112 440 810
112 440 811
138 440 950
138 440 954
185 440 960
185 440 961
134 450 120
195 450 150
195 450 152
199 450 180
199 451 180
191 450 211
180 450 280
180 450 281
110 450 308
169 450 410
169 450 415
163 450 420
163 450 425
193 450 470
193 450 471
137 450 480
121 450 590
142 450 700
142 450 702
112 450 810
112 450 811
138 450 950
138 450 954
185 450 960
185 450 961
134 460 120
195 460 150
195 460 152
199 460 180
199 461 180
191 460 211
180 460 280
180 460 281
110 460 308
169 460 410
169 460 415
163 460 420
163 460 425
193 460 470
193 460 471
137 460 480
121 460 590
142 460 700
142 460 702
112 460 810
112 460 811
138 460 950
138 460 954
185 460 960
185 460 961
134 470 120
195 470 150
195 470 152
199 470 180
199 471 180
191 470 211
180 470 280
180 470 281
110 470 308
169 470 410
169 470 415
163 470 420
163 470 425
193 470 470
193 470 471
137 470 480
121 470 590
142 470 700
142 470 702
112 470 810
112 470 811
138 470 950
138 470 954
185 470 960
185 470 961
134 480 120
195 480 150
195 480 152
199 480 180
199 481 180
191 480 211
180 480 280
180 480 281
110 480 308
169 480 410
169 480 415
163 480 420
163 480 425
193 480 470
193 480 471
137 480 480
121 480 590
142 480 700
142 480 702
112 480 810
112 480 811
138 480 950
138 480 954
185 480 960
185 480 961
134 490 120
195 490 150
195 490 152
199 490 180
199 491 180
191 490 211
180 490 280
180 490 281
110 490 308
169 490 410
169 490 415
163 490 420
163 490 425
193 490 470
193 490 471
137 490 480
121 490 590
142 490 700
142 490 702
112 490 810
112 490 811
138 490 950
138 490 954
185 490 960
185 490 961
134 500 120
195 500 150
195 500 152
199 500 180
199 501 180
191 500 211
180 500 280
180 500 281
110 500 308
169 500 410
169 500 415
163 500 420
163 500 425
193 500 470
193 500 471
137 500 480
121 500 590
142 500 700
142 500 702
112 500 810
112 500 811
138 500 950
138 500 954
185 500 960
185 500 961
134 510 120
195 510 150
195 510 152
199 510 180
199 511 180
191 510 211
180 510 280
180 510 281
110 510 308
169 510 410
169 510 415
163 510 420
163 510 425
193 510 470
193 510 471
137 510 480
121 510 590
142 510 700
142 510 702
112 510 810
112 510 811
138 510 950
138 510 954
185 510 960
185 510 961
134 520 120
195 520 150
195 520 152
199 520 180
199 521 180
191 520 211
180 520 280
180 520 281
110 520 308
169 520 410
169 520 415
163 520 420
163 520 425
193 520 470
193 520 471
137 520 480
121 520 590
142 520 700
142 520 702
112 520 810
112 520 811
138 520 950
138 520 954
185 520 960
185 520 961
134 530 120
195 530 150
195 530 152
199 530 180
199 531 180
191 530 211
180 530 280
180 530 281
110 530 308
169 530 410
169 530 415
163 530 420
163 530 425
193 530 470
193 530 471
137 530 480
121 530 590
142 530 700
142 530 702
112 530 810
112 530 811
138 530 950
138 530 954
185 530 960
185 530 961
134 540 120
195 540 150
195 540 152
199 540 180
199 541 180
191 540 211
180 540 280
180 540 281
110 540 308
169 540 410
169 540 415
163 540 420
163 540 425
193 540 470
193 540 471
137 540 480
121 540 590
142 540 700
142 540 702
112 540 810
112 540 811
138 540 950
138 540 954
185 540 960
185 540 961
134 550 120
195 550 150
195 550 152
199 550 180
199 551 180
191 550 211
180 550 280
180 550 281
110 550 308
169 550 410
169 550 415
163 550 420
163 550 425
193 550 470
193 550 471
137 550 480
121 550 590
142 550 700
142 550 702
112 550 810
112 550 811
138 550 950
138 550 954
185 550 960
185 550 961
134 560 120
195 560 150
195 560 152
199 560 180
199 561 180
191 560 211
180 560 280
180 560 281
110 560 308
169 560 410
169 560 415
163 560 420
163 560 425
193 560 470
193 560 471
137 560 480
121 560 590
142 560 700
142 560 702
112 560 810
112 560 811
138 560 950
138 560 954
185 560 960
185 560 961
134 570 120
195 570 150
195 570 152
199 570 180
199 571 180
191 570 211
180 570 280
180 570 281
110 570 308
169 570 410
169 570 415
163 570 420
163 570 425
193 570 470
193 570 471
137 570 480
121 570 590
142 570 700
142 570 702
112 570 810
112 570 811
138 570 950
138 570 954
185 570 960
185 570 961
134 580 120
195 580 150
195 580 152
199 580 180
199 581 180
191 580 211
180 580 280
180 580 281
110 580 308
169 580 410
169 580 415
163 580 420
163 580 425
193 580 470
193 580 471
137 580 480
121 580 590
142 580 700
142 580 702
112 580 810
112 580 811
138 580 950
138 580 954
185 580 960
185 580 961
134 590 120
195 590 150
195 590 152
199 590 180
199 591 180
191 590 211
180 590 280
180 590 281
110 590 308
169 590 410
169 590 415
163 590 420
163 590 425
193 590 470
193 590 471
137 590 480
121 590 590
142 590 700
142 590 702
112 590 810
112 590 811
138 590 950
138 590 954
185 590 960
185 590 961
134 600 120
195 600 150
195 600 152
199 600 180
199 601 180
191 600 211
180 600 280
180 600 281
110 600 308
169 600 410
169 600 415
163 600 420
163 600 425
193 600 470
193 600 471
137 600 480
121 600 590
142 600 700
142 600 702
112 600 810
112 600 811
138 600 950
138 600 954
185 600 960
185 600 961
134 610 120
195 610 150
195 610 152
199 610 180
199 611 180
191 610 211
180 610 280
180 610 281
110 610 308
169 610 410
169 610 415
163 610 420
163 610 425
193 610 470
193 610 471
137 610 480
121 610 590
142 610 700
142 610 702
112 610 810
112 610 811
138 610 950
138 610 954
185 610 960
185 610 961
134 620 120
195 620 150
195 620 152
199 620 180
199 621 180
191 620 211
180 620 280
180 620 281
110 620 308
169 620 410
169 620 415
163 620 420
163 620 425
193 620 470
193 620 471
137 620 480
121 620 590
142 620 700
142 620 702
112 620 810
112 620 811
138 620 950
138 620 954
185 620 960
185 620 961
134 630 120
195 630 150
195 630 152
199 630 180
199 631 180
191 630 211
180 630 280
180 630 281
110 630 308
169 630 410
169 630 415
163 630 420
163 630 425
193 630 470
193 630 471
137 630 480
121 630 590
142 630 700
142 630 702
112 630 810
112 630 811
138 630 950
138 630 954
185 630 960
185 630 961
134 640 120
195 640 150
195 640 152
199 640 180
199 641 180
191 640 211
180 640 280
180 640 281
110 640 308
169 640 410
169 640 415
163 640 420
163 640 425
193 640 470
193 640 471
137 640 480
121 640 590
142 640 700
142 640 702
112 640 810
112 640 811
138 640 950
138 640 954
185 640 960
185 640 961
134 650 120
195 650 150
195 650 152
199 650 180
199 651 180
191 650 211
180 650 280
180 650 281
110 650 308
169 650 410
169 650 415
163 650 420
163 650 425
193 650 470
193 650 471
137 650 480
121 650 590
142 650 700
142 650 702
112 650 810
112 650 811
138 650 950
138 650 954
185 650 960
185 650 961
134 660 120
195 660 150
195 660 152
199 660 180
199 661 180
191 660 211
180 660 280
180 660 281
110 660 308
169 660 410
169 660 415
163 660 420
163 660 425
193 660 470
193 660 471
137 660 480
121 660 590
142 660 700
142 660 702
112 660 810
112 660 811
138 660 950
138 660 954
185 660 960
185 660 961
134 670 120
195 670 150
195 670 152
199 670 180
199 671 180
191 670 211
180 670 280
180 670 281
110 670 308
169 670 410
169 670 415
163 670 420
163 670 425
193 670 470
193 670 471
137 670 480
121 670 590
142 670 700
142 670 702
112 670 810
112 670 811
138 670 950
138 670 954
185 670 960
185 670 961
134 680 120
195 680 150
195 680 152
199 680 180
199 681 180
191 680 211
180 680 280
180 680 281
110 680 308
169 680 410
169 680 415
163 680 420
163 680 425
193 680 470
193 680 471
137 680 480
121 680 590
142 680 700
142 680 702
112 680 810
112 680 811
138 680 950
138 680 954
185 680 960
185 680 961
134 690 120
195 690 150
195 690 152
199 690 180
199 691 180
191 690 211
180 690 280
180 690 281
110 690 308
169 690 410
169 690 415
163 690 420
163 690 425
193 690 470
193 690 471
137 690 480
121 690 590
142 690 700
142 690 702
112 690 810
112 690 811
138 690 950
138 690 954
185 690 960
185 690 961
134 700 120
195 700 150
195 700 152
199 700 180
199 701 180
191 700 211
180 700 280
180 700 281
110 700 308
169 700 410
169 700 415
163 700 420
163 700 425
193 700 470
193 700 471
137 700 480
121 700 590
142 700 700
142 700 702
112 700 810
112 700 811
138 700 950
138 700 954
185 700 960
185 700 961
134 710 120
195 710 150
195 710 152
199 710 180
199 711 180
191 710 211
180 710 280
180 710 281
110 710 308
169 710 410
169 710 415
163 710 420
163 710 425
193 710 470
193 710 471
137 710 480
121 710 590
142 710 700
142 710 702
112 710 810
112 710 811
138 710 950
138 710 954
185 710 960
185 710 961
134 720 120
195 720 150
195 720 152
199 720 180
199 721 180
191 720 211
180 720 280
180 720 281
110 720 308
169 720 410
169 720 415
163 720 420
163 720 425
193 720 470
193 720 471
137 720 480
121 720 590
142 720 700
142 720 702
112 720 810
112 720 811
138 720 950
138 720 954
185 720 960
185 720 961
134 730 120
195 730 150
195 730 152
199 730 180
199 731 180
191 730 211
180 730 280
180 730 281
110 730 308
169 730 410
169 730 415
163 730 420
163 730 425
193 730 470
193 730 471
137 730 480
121 730 590
142 730 700
142 730 702
112 730 810
112 730 811
138 730 950
138 730 954
185 730 960
185 730 961
134 740 120
195 740 150
195 740 152
199 740 180
199 741 180
191 740 211
180 740 280
180 740 281
110 740 308
169 740 410
169 740 415
163 740 420
163 740 425
193 740 470
193 740 471
137 740 480
121 740 590
142 740 700
142 740 702
112 740 810
112 740 811
138 740 950
138 740 954
185 740 960
185 740 961
134 750 120
195 750 150
195 750 152
199 750 180
199 751 180
191 750 211
180 750 280
180 750 281
110 750 308
169 750 410
169 750 415
163 750 420
163 750 425
193 750 470
193 750 471
137 750 480
121 750 590
142 750 700
142 750 702
112 750 810
112 750 811
138 750 950
138 750 954
185 750 960
185 750 961
134 760 120
195 760 150
195 760 152
199 760 180
199 761 180
191 760 211
180 760 280
180 760 281
110 760 308
169 760 410
169 760 415
163 760 420
163 760 425
193 760 470
193 760 471
137 760 480
121 760 590
142 760 700
142 760 702
112 760 810
112 760 811
138 760 950
138 760 954
185 760 960
185 760 961
134 770 120
195 770 150
195 770 152
199 770 180
199 771 180
191 770 211
180 770 280
180 770 281
110 770 308
169 770 410
169 770 415
163 770 420
163 770 425
193 770 470
193 770 471
137 770 480
121 770 590
142 770 700
142 770 702
112 770 810
112 770 811
138 770 950
138 770 954
185 770 960
185 770 961
134 780 120
195 780 150
195 780 152
199 780 180
199 781 180
191 780 211
180 780 280
180 780 281
110 780 308
169 780 410
169 780 415
163 780 420
163 780 425
193 780 470
193 780 471
137 780 480
121 780 590
142 780 700
142 780 702
112 780 810
112 780 811
138 780 950
138 780 954
185 780 960
185 780 961
134 790 120
195 790 150
195 790 152
199 790 180
199 791 180
191 790 211
180 790 280
180 790 281
110 790 308
169 790 410
169 790 415
163 790 420
163 790 425
193 790 470
193 790 471
137 790 480
121 790 590
142 790 700
142 790 702
112 790 810
112 790 811
138 790 950
138 790 954
185 790 960
185 790 961
134 800 120
195 800 150
195 800 152
199 800 180
199 801 180
191 800 211
180 800 280
180 800 281
110 800 308
169 800 410
169 800 415
163 800 420
163 800 425
193 800 470
193 800 471
137 800 480
121 800 590
142 800 700
142 800 702
112 800 810
112 800 811
138 800 950
138 800 954
185 800 960
185 800 961
134 810 120
195 810 150
195 810 152
199 810 180
199 811 180
191 810 211
180 810 280
180 810 281
110 810 308
169 810 410
169 810 415
163 810 420
163 810 425
193 810 470
193 810 471
137 810 480
121 810 590
142 810 700
142 810 702
112 810 810
112 810 811
138 810 950
138 810 954
185 810 960
185 810 961
134 820 120
195 820 150
195 820 152
199 820 180
199 821 180
191 820 211
180 820 280
180 820 281
110 820 308
169 820 410
169 820 415
163 820 420
163 820 425
193 820 470
193 820 471
137 820 480
121 820 590
142 820 700
142 820 702
112 820 810
112 820 811
138 820 950
138 820 954
185 820 960
185 820 961
134 830 120
195 830 150
195 830 152
199 830 180
199 831 180
191 830 211
180 830 280
180 830 281
110 830 308
169 830 410
169 830 415
163 830 420
163 830 425
193 830 470
193 830 471
137 830 480
121 830 590
142 830 700
142 830 702
112 830 810
112 830 811
138 830 950
138 830 954
185 830 960
185 830 961
134 840 120
195 840 150
195 840 152
199 840 180
199 841 180
191 840 211
180 840 280
180 840 281
110 840 308
169 840 410
169 840 415
163 840 420
163 840 425
193 840 470
193 840 471
137 840 480
121 840 590
142 840 700
142 840 702
112 840 810
112 840 811
138 840 950
138 840 954
185 840 960
185 840 961
134 850 120
195 850 150
195 850 152
199 850 180
199 851 180
191 850 211
180 850 280
180 850 281
110 850 308
169 850 410
169 850 415
163 850 420
163 850 425
193 850 470
193 850 471
137 850 480
121 850 590
142 850 700
142 850 702
112 850 810
112 850 811
138 850 950
138 850 954
185 850 960
185 850 961
134 860 120
195 860 150
195 860 152
199 860 180
199 861 180
191 860 211
180 860 280
180 860 281
110 860 308
169 860 410
169 860 415
163 860 420
163 860 425
193 860 470
193 860 471
137 860 480
121 860 590
142 860 700
142 860 702
112 860 810
112 860 811
138 860 950
138 860 954
185 860 960
185 860 961
134 870 120
195 870 150
195 870 152
199 870 180
199 871 180
191 870 211
180 870 280
180 870 281
110 870 308
169 870 410
169 870 415
163 870 420
163 870 425
193 870 470
193 870 471
137 870 480
121 870 590
142 870 700
142 870 702
112 870 810
112 870 811
138 870 950
138 870 954
185 870 960
185 870 961
134 880 120
195 880 150
195 880 152
199 880 180
199 881 180
191 880 211
180 880 280
180 880 281
110 880 308
169 880 410
169 880 415
163 880 420
163 880 425
193 880 470
193 880 471
137 880 480
121 880 590
142 880 700
142 880 702
112 880 810
112 880 811
138 880 950
138 880 954
185 880 960
185 880 961
134 890 120
195 890 150
195 890 152
199 890 180
199 891 180
191 890 211
180 890 280
180 890 281
110 890 308
169 890 410
169 890 415
163 890 420
163 890 425
193 890 470
193 890 471
137 890 480
121 890 590
142 890 700
142 890 702
112 890 810
112 890 811
138 890 950
138 890 954
185 890 960
185 890 961
134 900 120
195 900 150
195 900 152
199 900 180
199 901 180
191 900 211
180 900 280
180 900 281
110 900 308
169 900 410
169 900 415
163 900 420
163 900 425
193 900 470
193 900 471
137 900 480
121 900 590
142 900 700
142 900 702
112 900 810
112 900 811
138 900 950
138 900 954
185 900 960
185 900 961
134 910 120
195 910 150
195 910 152
199 910 180
199 911 180
191 910 211
180 910 280
180 910 281
110 910 308
169 910 410
169 910 415
163 910 420
163 910 425
193 910 470
193 910 471
137 910 480
121 910 590
142 910 700
142 910 702
112 910 810
112 910 811
138 910 950
138 910 954
185 910 960
185 910 961
134 920 120
195 920 150
195 920 152
199 920 180
199 921 180
191 920 211
180 920 280
180 920 281
110 920 308
169 920 410
169 920 415
163 920 420
163 920 425
193 920 470
193 920 471
137 920 480
121 920 590
142 920 700
142 920 702
112 920 810
112 920 811
138 920 950
138 920 954
185 920 960
185 920 961
134 930 120
195 930 150
195 930 152
199 930 180
199 931 180
191 930 211
180 930 280
180 930 281
110 930 308
169 930 410
169 930 415
163 930 420
163 930 425
193 930 470
193 930 471
137 930 480
121 930 590
142 930 700
142 930 702
112 930 810
112 930 811
138 930 950
138 930 954
185 930 960
185 930 961
134 940 120
195 940 150
195 940 152
199 940 180
199 941 180
191 940 211
180 940 280
180 940 281
110 940 308
169 940 410
169 940 415
163 940 420
163 940 425
193 940 470
193 940 471
137 940 480
121 940 590
142 940 700
142 940 702
112 940 810
112 940 811
138 940 950
138 940 954
185 940 960
185 940 961
134 950 120
195 950 150
195 950 152
199 950 180
199 951 180
191 950 211
180 950 280
180 950 281
110 950 308
169 950 410
169 950 415
163 950 420
163 950 425
193 950 470
193 950 471
137 950 480
121 950 590
142 950 700
142 950 702
112 950 810
112 950 811
138 950 950
138 950 954
185 950 960
185 950 961
134 960 120
195 960 150
195 960 152
199 960 180
199 961 180
191 960 211
180 960 280
180 960 281
110 960 308
169 960 410
169 960 415
163 960 420
163 960 425
193 960 470
193 960 471
137 960 480
121 960 590
142 960 700
142 960 702
112 960 810
112 960 811
138 960 950
138 960 954
185 960 960
185 960 961
134 970 120
195 970 150
195 970 152
199 970 180
199 971 180
191 970 211
180 970 280
180 970 281
110 970 308
169 970 410
169 970 415
163 970 420
163 970 425
193 970 470
193 970 471
137 970 480
121 970 590
142 970 700
142 970 702
112 970 810
112 970 811
138 970 950
138 970 954
185 970 960
185 970 961
134 980 120
195 980 150
195 980 152
199 980 180
199 981 180
191 980 211
180 980 280
180 980 281
110 980 308
169 980 410
169 980 415
163 980 420
163 980 425
193 980 470
193 980 471
137 980 480
121 980 590
142 980 700
142 980 702
112 980 810
112 980 811
138 980 950
138 980 954
185 980 960
185 980 961
134 990 120
195 990 150
195 990 152
199 990 180
199 991 180
191 990 211
180 990 280
180 990 281
110 990 308
169 990 410
169 990 415
163 990 420
163 990 425
193 990 470
193 990 471
137 990 480
121 990 590
142 990 700
142 990 702
112 990 810
112 990 811
138 990 950
138 990 954
185 990 960
185 990 961
