5500
16 0 0
94 0 190
67 0 240
19 0 260
49 0 280
98 0 300
15 0 330
13 0 350
64 0 420
40 0 600
3 0 610
55 0 630
71 0 680
99 0 690
38 0 710
38 0 714
39 0 760
69 0 820
50 0 830
7 0 860
15 0 870
69 0 900
17 0 910
77 0 940
59 0 950
8 0 980
16 10 0
94 10 190
67 10 240
19 10 260
49 10 280
98 10 300
15 10 330
13 10 350
64 10 420
40 10 600
3 10 610
55 10 630
71 10 680
99 10 690
38 10 710
38 10 714
39 10 760
69 10 820
50 10 830
7 10 860
15 10 870
69 10 900
17 10 910
77 10 940
59 10 950
8 10 980
16 20 0
94 20 190
67 20 240
19 20 260
49 20 280
98 20 300
15 20 330
13 20 350
64 20 420
40 20 600
3 20 610
55 20 630
71 20 680
99 20 690
38 20 710
38 20 714
39 20 760
69 20 820
50 20 830
7 20 860
15 20 870
69 20 900
17 20 910
77 20 940
59 20 950
8 20 980
16 30 0
94 30 190
67 30 240
19 30 260
49 30 280
98 30 300
15 30 330
13 30 350
64 30 420
40 30 600
3 30 610
55 30 630
71 30 680
99 30 690
38 30 710
38 30 714
39 30 760
69 30 820
50 30 830
7 30 860
15 30 870
69 30 900
17 30 910
77 30 940
59 30 950
8 30 980
16 40 0
94 40 190
67 40 240
19 40 260
49 40 280
98 40 300
15 40 330
13 40 350
64 40 420
40 40 600
3 40 610
55 40 630
71 40 680
99 40 690
38 40 710
38 40 714
39 40 760
69 40 820
50 40 830
7 40 860
15 40 870
69 40 900
17 40 910
77 40 940
59 40 950
8 40 980
16 50 0
94 50 190
67 50 240
19 50 260
49 50 280
98 50 300
15 50 330
13 50 350
64 50 420
40 50 600
3 50 610
55 50 630
71 50 680
99 50 690
38 50 710
38 50 714
39 50 760
69 50 820
50 50 830
7 50 860
15 50 870
69 50 900
17 50 910
77 50 940
59 50 950
8 50 980
16 60 0
94 60 190
67 60 240
19 60 260
49 60 280
98 60 300
15 60 330
13 60 350
64 60 420
40 60 600
3 60 610
55 60 630
71 60 680
99 60 690
38 60 710
38 60 714
39 60 760
69 60 820
50 60 830
7 60 860
15 60 870
69 60 900
17 60 910
77 60 940
59 60 950
8 60 980
16 70 0
94 70 190
67 70 240
19 70 260
49 70 280
98 70 300
15 70 330
13 70 350
64 70 420
40 70 600
3 70 610
55 70 630
71 70 680
99 70 690
38 70 710
38 70 714
39 70 760
69 70 820
50 70 830
7 70 860
15 70 870
69 70 900
17 70 910
77 70 940
59 70 950
8 70 980
16 80 0
94 80 190
67 80 240
19 80 260
49 80 280
98 80 300
15 80 330
13 80 350
64 80 420
40 80 600
3 80 610
55 80 630
71 80 680
99 80 690
38 80 710
38 80 714
39 80 760
69 80 820
50 80 830
7 80 860
15 80 870
69 80 900
17 80 910
77 80 940
59 80 950
8 80 980
16 90 0
94 90 190
67 90 240
19 90 260
49 90 280
98 90 300
15 90 330
13 90 350
64 90 420
40 90 600
3 90 610
55 90 630
71 90 680
99 90 690
38 90 710
38 90 714
39 90 760
69 90 820
50 90 830
7 90 860
15 90 870
69 90 900
17 90 910
77 90 940
59 90 950
8 90 980
16 100 0
94 100 190
67 100 240
19 100 260
49 100 280
98 100 300
15 100 330
13 100 350
64 100 420
40 100 600
3 100 610
55 100 630
71 100 680
99 100 690
38 100 710
38 100 714
39 100 760
69 100 820
50 100 830
7 100 860
15 100 870
69 100 900
17 100 910
77 100 940
59 100 950
8 100 980
16 110 0
94 110 190
67 110 240
19 110 260
49 110 280
98 110 300
15 110 330
13 110 350
64 110 420
40 110 600
3 110 610
55 110 630
71 110 680
99 110 690
38 110 710
38 110 714
39 110 760
69 110 820
50 110 830
7 110 860
15 110 870
69 110 900
17 110 910
77 110 940
59 110 950
8 110 980
16 120 0
94 120 190
67 120 240
19 120 260
49 120 280
98 120 300
15 120 330
13 120 350
64 120 420
40 120 600
3 120 610
55 120 630
71 120 680
99 120 690
38 120 710
38 120 714
39 120 760
69 120 820
50 120 830
7 120 860
15 120 870
69 120 900
17 120 910
77 120 940
59 120 950
8 120 980
16 130 0
94 130 190
67 130 240
19 130 260
49 130 280
98 130 300
15 130 330
13 130 350
64 130 420
40 130 600
3 130 610
55 130 630
71 130 680
99 130 690
38 130 710
38 130 714
39 130 760
69 130 820
50 130 830
7 130 860
15 130 870
69 130 900
17 130 910
77 130 940
59 130 950
8 130 980
16 140 0
94 140 190
67 140 240
19 140 260
49 140 280
98 140 300
15 140 330
13 140 350
64 140 420
40 140 600
3 140 610
55 140 630
71 140 680
99 140 690
38 140 710
38 140 714
39 140 760
69 140 820
50 140 830
7 140 860
15 140 870
69 140 900
17 140 910
77 140 940
59 140 950
8 140 980
16 150 0
94 150 190
67 150 240
19 150 260
49 150 280
98 150 300
15 150 330
13 150 350
64 150 420
40 150 600
3 150 610
55 150 630
71 150 680
99 150 690
38 150 710
38 150 714
39 150 760
69 150 820
50 150 830
7 150 860
15 150 870
69 150 900
17 150 910
77 150 940
59 150 950
8 150 980
16 160 0
94 160 190
67 160 240
19 160 260
49 160 280
98 160 300
15 160 330
13 160 350
64 160 420
40 160 600
3 160 610
55 160 630
71 160 680
99 160 690
38 160 710
38 160 714
39 160 760
69 160 820
50 160 830
7 160 860
15 160 870
69 160 900
17 160 910
77 160 940
59 160 950
8 160 980
16 170 0
94 170 190
67 170 240
19 170 260
49 170 280
98 170 300
15 170 330
13 170 350
64 170 420
40 170 600
3 170 610
55 170 630
71 170 680
99 170 690
38 170 710
38 170 714
39 170 760
69 170 820
50 170 830
7 170 860
15 170 870
69 170 900
17 170 910
77 170 940
59 170 950
8 170 980
16 180 0
94 180 190
67 180 240
19 180 260
49 180 280
98 180 300
15 180 330
13 180 350
64 180 420
40 180 600
3 180 610
55 180 630
71 180 680
99 180 690
38 180 710
38 180 714
39 180 760
69 180 820
50 180 830
7 180 860
15 180 870
69 180 900
17 180 910
77 180 940
59 180 950
8 180 980
16 190 0
94 190 190
67 190 240
19 190 260
49 190 280
98 190 300
15 190 330
13 190 350
64 190 420
40 190 600
3 190 610
55 190 630
71 190 680
99 190 690
38 190 710
38 190 714
39 190 760
69 190 820
50 190 830
7 190 860
15 190 870
69 190 900
17 190 910
77 190 940
59 190 950
8 190 980
16 200 0
94 200 190
67 200 240
19 200 260
49 200 280
98 200 300
15 200 330
13 200 350
64 200 420
40 200 600
3 200 610
55 200 630
71 200 680
99 200 690
38 200 710
38 200 714
39 200 760
69 200 820
50 200 830
7 200 860
15 200 870
69 200 900
17 200 910
77 200 940
59 200 950
8 200 980
16 210 0
94 210 190
67 210 240
19 210 260
49 210 280
98 210 300
15 210 330
13 210 350
64 210 420
40 210 600
3 210 610
55 210 630
71 210 680
99 210 690
38 210 710
38 210 714
39 210 760
69 210 820
50 210 830
7 210 860
15 210 870
69 210 900
17 210 910
77 210 940
59 210 950
8 210 980
16 220 0
94 220 190
67 220 240
19 220 260
49 220 280
98 220 300
15 220 330
13 220 350
64 220 420
40 220 600
3 220 610
55 220 630
71 220 680
99 220 690
38 220 710
38 220 714
39 220 760
69 220 820
50 220 830
7 220 860
15 220 870
69 220 900
17 220 910
77 220 940
59 220 950
8 220 980
16 230 0
94 230 190
67 230 240
19 230 260
49 230 280
98 230 300
15 230 330
13 230 350
64 230 420
40 230 600
3 230 610
55 230 630
71 230 680
99 230 690
38 230 710
38 230 714
39 230 760
69 230 820
50 230 830
7 230 860
15 230 870
69 230 900
17 230 910
77 230 940
59 230 950
8 230 980
16 240 0
94 240 190
67 240 240
19 240 260
49 240 280
98 240 300
15 240 330
13 240 350
64 240 420
40 240 600
3 240 610
55 240 630
71 240 680
99 240 690
38 240 710
38 240 714
39 240 760
69 240 820
50 240 830
7 240 860
15 240 870
69 240 900
17 240 910
77 240 940
59 240 950
8 240 980
16 250 0
94 250 190
67 250 240
19 250 260
49 250 280
98 250 300
15 250 330
13 250 350
64 250 420
40 250 600
3 250 610
55 250 630
71 250 680
99 250 690
38 250 710
38 250 714
39 250 760
69 250 820
50 250 830
7 250 860
15 250 870
69 250 900
17 250 910
77 250 940
59 250 950
8 250 980
16 260 0
94 260 190
67 260 240
19 260 260
49 260 280
98 260 300
15 260 330
13 260 350
64 260 420
40 260 600
3 260 610
55 260 630
71 260 680
99 260 690
38 260 710
38 260 714
39 260 760
69 260 820
50 260 830
7 260 860
15 260 870
69 260 900
17 260 910
77 260 940
59 260 950
8 260 980
16 270 0
94 270 190
67 270 240
19 270 260
49 270 280
98 270 300
15 270 330
13 270 350
64 270 420
40 270 600
3 270 610
55 270 630
71 270 680
99 270 690
38 270 710
38 270 714
39 270 760
69 270 820
50 270 830
7 270 860
15 270 870
69 270 900
17 270 910
77 270 940
59 270 950
8 270 980
16 280 0
94 280 190
67 280 240
19 280 260
49 280 280
98 280 300
15 280 330
13 280 350
64 280 420
40 280 600
3 280 610
55 280 630
71 280 680
99 280 690
38 280 710
38 280 714
39 280 760
69 280 820
50 280 830
7 280 860
15 280 870
69 280 900
17 280 910
77 280 940
59 280 950
8 280 980
16 290 0
94 290 190
67 290 240
19 290 260
49 290 280
98 290 300
15 290 330
13 290 350
64 290 420
40 290 600
3 290 610
55 290 630
71 290 680
99 290 690
38 290 710
38 290 714
39 290 760
69 290 820
50 290 830
7 290 860
15 290 870
69 290 900
17 290 910
77 290 940
59 290 950
8 290 980
16 300 0
94 300 190
67 300 240
19 300 260
49 300 280
98 300 300
15 300 330
13 300 350
64 300 420
40 300 600
3 300 610
55 300 630
71 300 680
99 300 690
38 300 710
38 300 714
39 300 760
69 300 820
50 300 830
7 300 860
15 300 870
69 300 900
17 300 910
77 300 940
59 300 950
8 300 980
16 310 0
94 310 190
67 310 240
19 310 260
49 310 280
98 310 300
15 310 330
13 310 350
64 310 420
40 310 600
3 310 610
55 310 630
71 310 680
99 310 690
38 310 710
38 310 714
39 310 760
69 310 820
50 310 830
7 310 860
15 310 870
69 310 900
17 310 910
77 310 940
59 310 950
8 310 980
16 320 0
94 320 190
67 320 240
19 320 260
49 320 280
98 320 300
15 320 330
13 320 350
64 320 420
40 320 600
3 320 610
55 320 630
71 320 680
99 320 690
38 320 710
38 320 714
39 320 760
69 320 820
50 320 830
7 320 860
15 320 870
69 320 900
17 320 910
77 320 940
59 320 950
8 320 980
16 330 0
94 330 190
67 330 240
19 330 260
49 330 280
98 330 300
15 330 330
13 330 350
64 330 420
40 330 600
3 330 610
55 330 630
71 330 680
99 330 690
38 330 710
38 330 714
39 330 760
69 330 820
50 330 830
7 330 860
15 330 870
69 330 900
17 330 910
77 330 940
59 330 950
8 330 980
16 340 0
94 340 190
67 340 240
19 340 260
49 340 280
98 340 300
15 340 330
13 340 350
64 340 420
40 340 600
3 340 610
55 340 630
71 340 680
99 340 690
38 340 710
38 340 714
39 340 760
69 340 820
50 340 830
7 340 860
15 340 870
69 340 900
17 340 910
77 340 940
59 340 950
8 340 980
16 350 0
94 350 190
67 350 240
19 350 260
49 350 280
98 350 300
15 350 330
13 350 350
64 350 420
40 350 600
3 350 610
55 350 630
71 350 680
99 350 690
38 350 710
38 350 714
39 350 760
69 350 820
50 350 830
7 350 860
15 350 870
69 350 900
17 350 910
77 350 940
59 350 950
8 350 980
16 360 0
94 360 190
67 360 240
19 360 260
49 360 280
98 360 300
15 360 330
13 360 350
64 360 420
40 360 600
3 360 610
55 360 630
71 360 680
99 360 690
38 360 710
38 360 714
39 360 760
69 360 820
50 360 830
7 360 860
15 360 870
69 360 900
17 360 910
77 360 940
59 360 950
8 360 980
16 370 0
94 370 190
67 370 240
19 370 260
49 370 280
98 370 300
15 370 330
13 370 350
64 370 420
40 370 600
3 370 610
55 370 630
71 370 680
99 370 690
38 370 710
38 370 714
39 370 760
69 370 820
50 370 830
7 370 860
15 370 870
69 370 900
17 370 910
77 370 940
59 370 950
8 370 980
16 380 0
94 380 190
67 380 240
19 380 260
49 380 280
98 380 300
15 380 330
13 380 350
64 380 420
40 380 600
3 380 610
55 380 630
71 380 680
99 380 690
38 380 710
38 380 714
39 380 760
69 380 820
50 380 830
7 380 860
15 380 870
69 380 900
17 380 910
77 380 940
59 380 950
8 380 980
16 390 0
94 390 190
67 390 240
19 390 260
49 390 280
98 390 300
15 390 330
13 390 350
64 390 420
40 390 600
3 390 610
55 390 630
71 390 680
99 390 690
38 390 710
38 390 714
39 390 760
69 390 820
50 390 830
7 390 860
15 390 870
69 390 900
17 390 910
77 390 940
59 390 950
8 390 980
16 400 0
94 400 190
67 400 240
19 400 260
49 400 280
98 400 300
15 400 330
13 400 350
64 400 420
40 400 600
3 400 610
55 400 630
71 400 680
99 400 690
38 400 710
38 400 714
39 400 760
69 400 820
50 400 830
7 400 860
15 400 870
69 400 900
17 400 910
77 400 940
59 400 950
8 400 980
16 410 0
94 410 190
67 410 240
19 410 260
49 410 280
98 410 300
15 410 330
13 410 350
64 410 420
40 410 600
3 410 610
55 410 630
71 410 680
99 410 690
38 410 710
38 410 714
39 410 760
69 410 820
50 410 830
7 410 860
15 410 870
69 410 900
17 410 910
77 410 940
59 410 950
8 410 980
16 420 0
94 420 190
67 420 240
19 420 260
49 420 280
98 420 300
15 420 330
13 420 350
64 420 420
40 420 600
3 420 610
55 420 630
71 420 680
99 420 690
38 420 710
38 420 714
39 420 760
69 420 820
50 420 830
7 420 860
15 420 870
69 420 900
17 420 910
77 420 940
59 420 950
8 420 980
16 430 0
94 430 190
67 430 240
19 430 260
49 430 280
98 430 300
15 430 330
13 430 350
64 430 420
40 430 600
3 430 610
55 430 630
71 430 680
99 430 690
38 430 710
38 430 714
39 430 760
69 430 820
50 430 830
7 430 860
15 430 870
69 430 900
17 430 910
77 430 940
59 430 950
8 430 980
16 440 0
94 440 190
67 440 240
19 440 260
49 440 280
98 440 300
15 440 330
13 440 350
64 440 420
40 440 600
3 440 610
55 440 630
71 440 680
99 440 690
38 440 710
38 440 714
39 440 760
69 440 820
50 440 830
7 440 860
15 440 870
69 440 900
17 440 910
77 440 940
59 440 950
8 440 980
16 450 0
94 450 190
67 450 240
19 450 260
49 450 280
98 450 300
15 450 330
13 450 350
64 450 420
40 450 600
3 450 610
55 450 630
71 450 680
99 450 690
38 450 710
38 450 714
39 450 760
69 450 820
50 450 830
7 450 860
15 450 870
69 450 900
17 450 910
77 450 940
59 450 950
8 450 980
16 460 0
94 460 190
67 460 240
19 460 260
49 460 280
98 460 300
15 460 330
13 460 350
64 460 420
40 460 600
3 460 610
55 460 630
71 460 680
99 460 690
38 460 710
38 460 714
39 460 760
69 460 820
50 460 830
7 460 860
15 460 870
69 460 900
17 460 910
77 460 940
59 460 950
8 460 980
16 470 0
94 470 190
67 470 240
19 470 260
49 470 280
98 470 300
15 470 330
13 470 350
64 470 420
40 470 600
3 470 610
55 470 630
71 470 680
99 470 690
38 470 710
38 470 714
39 470 760
69 470 820
50 470 830
7 470 860
15 470 870
69 470 900
17 470 910
77 470 940
59 470 950
8 470 980
16 480 0
94 480 190
67 480 240
19 480 260
49 480 280
98 480 300
15 480 330
13 480 350
64 480 420
40 480 600
3 480 610
55 480 630
71 480 680
99 480 690
38 480 710
38 480 714
39 480 760
69 480 820
50 480 830
7 480 860
15 480 870
69 480 900
17 480 910
77 480 940
59 480 950
8 480 980
16 490 0
94 490 190
67 490 240
19 490 260
49 490 280
98 490 300
15 490 330
13 490 350
64 490 420
40 490 600
3 490 610
55 490 630
71 490 680
99 490 690
38 490 710
38 490 714
39 490 760
69 490 820
50 490 830
7 490 860
15 490 870
69 490 900
17 490 910
77 490 940
59 490 950
8 490 980
16 500 0
94 500 190
67 500 240
19 500 260
49 500 280
98 500 300
15 500 330
13 500 350
64 500 420
40 500 600
3 500 610
55 500 630
71 500 680
99 500 690
38 500 710
38 500 714
39 500 760
69 500 820
50 500 830
7 500 860
15 500 870
69 500 900
17 500 910
77 500 940
59 500 950
8 500 980
16 510 0
94 510 190
67 510 240
19 510 260
49 510 280
98 510 300
15 510 330
13 510 350
64 510 420
40 510 600
3 510 610
55 510 630
71 510 680
99 510 690
38 510 710
38 510 714
39 510 760
69 510 820
50 510 830
7 510 860
15 510 870
69 510 900
17 510 910
77 510 940
59 510 950
8 510 980
16 520 0
94 520 190
67 520 240
19 520 260
49 520 280
98 520 300
15 520 330
13 520 350
64 520 420
40 520 600
3 520 610
55 520 630
71 520 680
99 520 690
38 520 710
38 520 714
39 520 760
69 520 820
50 520 830
7 520 860
15 520 870
69 520 900
17 520 910
77 520 940
59 520 950
8 520 980
16 530 0
94 530 190
67 530 240
19 530 260
49 530 280
98 530 300
15 530 330
13 530 350
64 530 420
40 530 600
3 530 610
55 530 630
71 530 680
99 530 690
38 530 710
38 530 714
39 530 760
69 530 820
50 530 830
7 530 860
15 530 870
69 530 900
17 530 910
77 530 940
59 530 950
8 530 980
16 540 0
94 540 190
67 540 240
19 540 260
49 540 280
98 540 300
15 540 330
13 540 350
64 540 420
40 540 600
3 540 610
55 540 630
71 540 680
99 540 690
38 540 710
38 540 714
39 540 760
69 540 820
50 540 830
7 540 860
15 540 870
69 540 900
17 540 910
77 540 940
59 540 950
8 540 980
16 550 0
94 550 190
67 550 240
19 550 260
49 550 280
98 550 300
15 550 330
13 550 350
64 550 420
40 550 600
3 550 610
55 550 630
71 550 680
99 550 690
38 550 710
38 550 714
39 550 760
69 550 820
50 550 830
7 550 860
15 550 870
69 550 900
17 550 910
77 550 940
59 550 950
8 550 980
16 560 0
94 560 190
67 560 240
19 560 260
49 560 280
98 560 300
15 560 330
13 560 350
64 560 420
40 560 600
3 560 610
55 560 630
71 560 680
99 560 690
38 560 710
38 560 714
39 560 760
69 560 820
50 560 830
7 560 860
15 560 870
69 560 900
17 560 910
77 560 940
59 560 950
8 560 980
16 570 0
94 570 190
67 570 240
19 570 260
49 570 280
98 570 300
15 570 330
13 570 350
64 570 420
40 570 600
3 570 610
55 570 630
71 570 680
99 570 690
38 570 710
38 570 714
39 570 760
69 570 820
50 570 830
7 570 860
15 570 870
69 570 900
17 570 910
77 570 940
59 570 950
8 570 980
16 580 0
94 580 190
67 580 240
19 580 260
49 580 280
98 580 300
15 580 330
13 580 350
64 580 420
40 580 600
3 580 610
55 580 630
71 580 680
99 580 690
38 580 710
38 580 714
39 580 760
69 580 820
50 580 830
7 580 860
15 580 870
69 580 900
17 580 910
77 580 940
59 580 950
8 580 980
16 590 0
94 590 190
67 590 240
19 590 260
49 590 280
98 590 300
15 590 330
13 590 350
64 590 420
40 590 600
3 590 610
55 590 630
71 590 680
99 590 690
38 590 710
38 590 714
39 590 760
69 590 820
50 590 830
7 590 860
15 590 870
69 590 900
17 590 910
77 590 940
59 590 950
8 590 980
16 600 0
94 600 190
67 600 240
19 600 260
49 600 280
98 600 300
15 600 330
13 600 350
64 600 420
40 600 600
3 600 610
55 600 630
71 600 680
99 600 690
38 600 710
38 600 714
39 600 760
69 600 820
50 600 830
7 600 860
15 600 870
69 600 900
17 600 910
77 600 940
59 600 950
8 600 980
16 610 0
94 610 190
67 610 240
19 610 260
49 610 280
98 610 300
15 610 330
13 610 350
64 610 420
40 610 600
3 610 610
55 610 630
71 610 680
99 610 690
38 610 710
38 610 714
39 610 760
69 610 820
50 610 830
7 610 860
15 610 870
69 610 900
17 610 910
77 610 940
59 610 950
8 610 980
16 620 0
94 620 190
67 620 240
19 620 260
49 620 280
98 620 300
15 620 330
13 620 350
64 620 420
40 620 600
3 620 610
55 620 630
71 620 680
99 620 690
38 620 710
38 620 714
39 620 760
69 620 820
50 620 830
7 620 860
15 620 870
69 620 900
17 620 910
77 620 940
59 620 950
8 620 980
16 630 0
94 630 190
67 630 240
19 630 260
49 630 280
98 630 300
15 630 330
13 630 350
64 630 420
40 630 600
3 630 610
55 630 630
71 630 680
99 630 690
38 630 710
38 630 714
39 630 760
69 630 820
50 630 830
7 630 860
15 630 870
69 630 900
17 630 910
77 630 940
59 630 950
8 630 980
16 640 0
94 640 190
67 640 240
19 640 260
49 640 280
98 640 300
15 640 330
13 640 350
64 640 420
40 640 600
3 640 610
55 640 630
71 640 680
99 640 690
38 640 710
38 640 714
39 640 760
69 640 820
50 640 830
7 640 860
15 640 870
69 640 900
17 640 910
77 640 940
59 640 950
8 640 980
16 650 0
94 650 190
67 650 240
19 650 260
49 650 280
98 650 300
15 650 330
13 650 350
64 650 420
40 650 600
3 650 610
55 650 630
71 650 680
99 650 690
38 650 710
38 650 714
39 650 760
69 650 820
50 650 830
7 650 860
15 650 870
69 650 900
17 650 910
77 650 940
59 650 950
8 650 980
16 660 0
94 660 190
67 660 240
19 660 260
49 660 280
98 660 300
15 660 330
13 660 350
64 660 420
40 660 600
3 660 610
55 660 630
71 660 680
99 660 690
38 660 710
38 660 714
39 660 760
69 660 820
50 660 830
7 660 860
15 660 870
69 660 900
17 660 910
77 660 940
59 660 950
8 660 980
16 670 0
94 670 190
67 670 240
19 670 260
49 670 280
98 670 300
15 670 330
13 670 350
64 670 420
40 670 600
3 670 610
55 670 630
71 670 680
99 670 690
38 670 710
38 670 714
39 670 760
69 670 820
50 670 830
7 670 860
15 670 870
69 670 900
17 670 910
77 670 940
59 670 950
8 670 980
16 680 0
94 680 190
67 680 240
19 680 260
49 680 280
98 680 300
15 680 330
13 680 350
64 680 420
40 680 600
3 680 610
55 680 630
71 680 680
99 680 690
38 680 710
38 680 714
39 680 760
69 680 820
50 680 830
7 680 860
15 680 870
69 680 900
17 680 910
77 680 940
59 680 950
8 680 980
16 690 0
94 690 190
67 690 240
19 690 260
49 690 280
98 690 300
15 690 330
13 690 350
64 690 420
40 690 600
3 690 610
55 690 630
71 690 680
99 690 690
38 690 710
38 690 714
39 690 760
69 690 820
50 690 830
7 690 860
15 690 870
69 690 900
17 690 910
77 690 940
59 690 950
8 690 980
16 700 0
94 700 190
67 700 240
19 700 260
49 700 280
98 700 300
15 700 330
13 700 350
64 700 420
40 700 600
3 700 610
55 700 630
71 700 680
99 700 690
38 700 710
38 700 714
39 700 760
69 700 820
50 700 830
7 700 860
15 700 870
69 700 900
17 700 910
77 700 940
59 700 950
8 700 980
16 710 0
94 710 190
67 710 240
19 710 260
49 710 280
98 710 300
15 710 330
13 710 350
64 710 420
40 710 600
3 710 610
55 710 630
71 710 680
99 710 690
38 710 710
38 710 714
39 710 760
69 710 820
50 710 830
7 710 860
15 710 870
69 710 900
17 710 910
77 710 940
59 710 950
8 710 980
16 720 0
94 720 190
67 720 240
19 720 260
49 720 280
98 720 300
15 720 330
13 720 350
64 720 420
40 720 600
3 720 610
55 720 630
71 720 680
99 720 690
38 720 710
38 720 714
39 720 760
69 720 820
50 720 830
7 720 860
15 720 870
69 720 900
17 720 910
77 720 940
59 720 950
8 720 980
16 730 0
94 730 190
67 730 240
19 730 260
49 730 280
98 730 300
15 730 330
13 730 350
64 730 420
40 730 600
3 730 610
55 730 630
71 730 680
99 730 690
38 730 710
38 730 714
39 730 760
69 730 820
50 730 830
7 730 860
15 730 870
69 730 900
17 730 910
77 730 940
59 730 950
8 730 980
16 740 0
94 740 190
67 740 240
19 740 260
49 740 280
98 740 300
15 740 330
13 740 350
64 740 420
40 740 600
3 740 610
55 740 630
71 740 680
99 740 690
38 740 710
38 740 714
39 740 760
69 740 820
50 740 830
7 740 860
15 740 870
69 740 900
17 740 910
77 740 940
59 740 950
8 740 980
16 750 0
94 750 190
67 750 240
19 750 260
49 750 280
98 750 300
15 750 330
13 750 350
64 750 420
40 750 600
3 750 610
55 750 630
71 750 680
99 750 690
38 750 710
38 750 714
39 750 760
69 750 820
50 750 830
7 750 860
15 750 870
69 750 900
17 750 910
77 750 940
59 750 950
8 750 980
16 760 0
94 760 190
67 760 240
19 760 260
49 760 280
98 760 300
15 760 330
13 760 350
64 760 420
40 760 600
3 760 610
55 760 630
71 760 680
99 760 690
38 760 710
38 760 714
39 760 760
69 760 820
50 760 830
7 760 860
15 760 870
69 760 900
17 760 910
77 760 940
59 760 950
8 760 980
16 770 0
94 770 190
67 770 240
19 770 260
49 770 280
98 770 300
15 770 330
13 770 350
64 770 420
40 770 600
3 770 610
55 770 630
71 770 680
99 770 690
38 770 710
38 770 714
39 770 760
69 770 820
50 770 830
7 770 860
15 770 870
69 770 900
17 770 910
77 770 940
59 770 950
8 770 980
16 780 0
94 780 190
67 780 240
19 780 260
49 780 280
98 780 300
15 780 330
13 780 350
64 780 420
40 780 600
3 780 610
55 780 630
71 780 680
99 780 690
38 780 710
38 780 714
39 780 760
69 780 820
50 780 830
7 780 860
15 780 870
69 780 900
17 780 910
77 780 940
59 780 950
8 780 980
16 790 0
94 790 190
67 790 240
19 790 260
49 790 280
98 790 300
15 790 330
13 790 350
64 790 420
40 790 600
3 790 610
55 790 630
71 790 680
99 790 690
38 790 710
38 790 714
39 790 760
69 790 820
50 790 830
7 790 860
15 790 870
69 790 900
17 790 910
77 790 940
59 790 950
8 790 980
16 800 0
94 800 190
67 800 240
19 800 260
49 800 280
98 800 300
15 800 330
13 800 350
64 800 420
40 800 600
3 800 610
55 800 630
71 800 680
99 800 690
38 800 710
38 800 714
39 800 760
69 800 820
50 800 830
7 800 860
15 800 870
69 800 900
17 800 910
77 800 940
59 800 950
8 800 980
16 810 0
94 810 190
67 810 240
19 810 260
49 810 280
98 810 300
15 810 330
13 810 350
64 810 420
40 810 600
3 810 610
55 810 630
71 810 680
99 810 690
38 810 710
38 810 714
39 810 760
69 810 820
50 810 830
7 810 860
15 810 870
69 810 900
17 810 910
77 810 940
59 810 950
8 810 980
16 820 0
94 820 190
67 820 240
19 820 260
49 820 280
98 820 300
15 820 330
13 820 350
64 820 420
40 820 600
3 820 610
55 820 630
71 820 680
99 820 690
38 820 710
38 820 714
39 820 760
69 820 820
50 820 830
7 820 860
15 820 870
69 820 900
17 820 910
77 820 940
59 820 950
8 820 980
16 830 0
94 830 190
67 830 240
19 830 260
49 830 280
98 830 300
15 830 330
13 830 350
64 830 420
40 830 600
3 830 610
55 830 630
71 830 680
99 830 690
38 830 710
38 830 714
39 830 760
69 830 820
50 830 830
7 830 860
15 830 870
69 830 900
17 830 910
77 830 940
59 830 950
8 830 980
16 840 0
94 840 190
67 840 240
19 840 260
49 840 280
98 840 300
15 840 330
13 840 350
64 840 420
40 840 600
3 840 610
55 840 630
71 840 680
99 840 690
38 840 710
38 840 714
39 840 760
69 840 820
50 840 830
7 840 860
15 840 870
69 840 900
17 840 910
77 840 940
59 840 950
8 840 980
16 850 0
94 850 190
67 850 240
19 850 260
49 850 280
98 850 300
15 850 330
13 850 350
64 850 420
40 850 600
3 850 610
55 850 630
71 850 680
99 850 690
38 850 710
38 850 714
39 850 760
69 850 820
50 850 830
7 850 860
15 850 870
69 850 900
17 850 910
77 850 940
59 850 950
8 850 980
16 860 0
94 860 190
67 860 240
19 860 260
49 860 280
98 860 300
15 860 330
13 860 350
64 860 420
40 860 600
3 860 610
55 860 630
71 860 680
99 860 690
38 860 710
38 860 714
39 860 760
69 860 820
50 860 830
7 860 860
15 860 870
69 860 900
17 860 910
77 860 940
59 860 950
8 860 980
16 870 0
94 870 190
67 870 240
19 870 260
49 870 280
98 870 300
15 870 330
13 870 350
64 870 420
40 870 600
3 870 610
55 870 630
71 870 680
99 870 690
38 870 710
38 870 714
39 870 760
69 870 820
50 870 830
7 870 860
15 870 870
69 870 900
17 870 910
77 870 940
59 870 950
8 870 980
16 880 0
94 880 190
67 880 240
19 880 260
49 880 280
98 880 300
15 880 330
13 880 350
64 880 420
40 880 600
3 880 610
55 880 630
71 880 680
99 880 690
38 880 710
38 880 714
39 880 760
69 880 820
50 880 830
7 880 860
15 880 870
69 880 900
17 880 910
77 880 940
59 880 950
8 880 980
16 890 0
94 890 190
67 890 240
19 890 260
49 890 280
98 890 300
15 890 330
13 890 350
64 890 420
40 890 600
3 890 610
55 890 630
71 890 680
99 890 690
38 890 710
38 890 714
39 890 760
69 890 820
50 890 830
7 890 860
15 890 870
69 890 900
17 890 910
77 890 940
59 890 950
8 890 980
16 900 0
94 900 190
67 900 240
19 900 260
49 900 280
98 900 300
15 900 330
13 900 350
64 900 420
40 900 600
3 900 610
55 900 630
71 900 680
99 900 690
38 900 710
38 900 714
39 900 760
69 900 820
50 900 830
7 900 860
15 900 870
69 900 900
17 900 910
77 900 940
59 900 950
8 900 980
16 910 0
94 910 190
67 910 240
19 910 260
49 910 280
98 910 300
15 910 330
13 910 350
64 910 420
40 910 600
3 910 610
55 910 630
71 910 680
99 910 690
38 910 710
38 910 714
39 910 760
69 910 820
50 910 830
7 910 860
15 910 870
69 910 900
17 910 910
77 910 940
59 910 950
8 910 980
16 920 0
94 920 190
67 920 240
19 920 260
49 920 280
98 920 300
15 920 330
13 920 350
64 920 420
40 920 600
3 920 610
55 920 630
71 920 680
99 920 690
38 920 710
38 920 714
39 920 760
69 920 820
50 920 830
7 920 860
15 920 870
69 920 900
17 920 910
77 920 940
59 920 950
8 920 980
16 930 0
94 930 190
67 930 240
19 930 260
49 930 280
98 930 300
15 930 330
13 930 350
64 930 420
40 930 600
3 930 610
55 930 630
71 930 680
99 930 690
38 930 710
38 930 714
39 930 760
69 930 820
50 930 830
7 930 860
15 930 870
69 930 900
17 930 910
77 930 940
59 930 950
8 930 980
16 940 0
94 940 190
67 940 240
19 940 260
49 940 280
98 940 300
15 940 330
13 940 350
64 940 420
40 940 600
3 940 610
55 940 630
71 940 680
99 940 690
38 940 710
38 940 714
39 940 760
69 940 820
50 940 830
7 940 860
15 940 870
69 940 900
17 940 910
77 940 940
59 940 950
8 940 980
16 950 0
94 950 190
67 950 240
19 950 260
49 950 280
98 950 300
15 950 330
13 950 350
64 950 420
40 950 600
3 950 610
55 950 630
71 950 680
99 950 690
38 950 710
38 950 714
39 950 760
69 950 820
50 950 830
7 950 860
15 950 870
69 950 900
17 950 910
77 950 940
59 950 950
8 950 980
16 960 0
94 960 190
67 960 240
19 960 260
49 960 280
98 960 300
15 960 330
13 960 350
64 960 420
40 960 600
3 960 610
55 960 630
71 960 680
99 960 690
38 960 710
38 960 714
39 960 760
69 960 820
50 960 830
7 960 860
15 960 870
69 960 900
17 960 910
77 960 940
59 960 950
8 960 980
16 970 0
94 970 190
67 970 240
19 970 260
49 970 280
98 970 300
15 970 330
13 970 350
64 970 420
40 970 600
3 970 610
55 970 630
71 970 680
99 970 690
38 970 710
38 970 714
39 970 760
69 970 820
50 970 830
7 970 860
15 970 870
69 970 900
17 970 910
77 970 940
59 970 950
8 970 980
16 980 0
94 980 190
67 980 240
19 980 260
49 980 280
98 980 300
15 980 330
13 980 350
64 980 420
40 980 600
3 980 610
55 980 630
71 980 680
99 980 690
38 980 710
38 980 714
39 980 760
69 980 820
50 980 830
7 980 860
15 980 870
69 980 900
17 980 910
77 980 940
59 980 950
8 980 980
16 990 0
94 990 190
67 990 240
19 990 260
49 990 280
98 990 300
15 990 330
13 990 350
64 990 420
40 990 600
3 990 610
55 990 630
71 990 680
99 990 690
38 990 710
38 990 714
39 990 760
69 990 820
50 990 830
7 990 860
15 990 870
69 990 900
17 990 910
77 990 940
59 990 950
8 990 980
192 0 20
192 0 22
199 0 90
199 1 90
142 0 210
142 0 212
185 0 220
185 0 221
137 0 290
134 0 340
180 0 480
180 0 481
138 0 500
138 0 504
186 0 540
186 4 540
169 0 670
169 0 675
112 0 713
112 0 717
112 0 718
112 0 719
121 0 740
129 0 800
193 0 850
193 0 851
195 0 930
195 0 932
191 0 990
192 10 20
192 10 22
199 10 90
199 11 90
142 10 210
142 10 212
185 10 220
185 10 221
137 10 290
134 10 340
180 10 480
180 10 481
138 10 500
138 10 504
186 10 540
186 14 540
169 10 670
169 10 675
112 10 713
112 10 717
112 10 718
112 10 719
121 10 740
129 10 800
193 10 850
193 10 851
195 10 930
195 10 932
191 10 990
192 20 20
192 20 22
199 20 90
199 21 90
142 20 210
142 20 212
185 20 220
185 20 221
137 20 290
134 20 340
180 20 480
180 20 481
138 20 500
138 20 504
186 20 540
186 24 540
169 20 670
169 20 675
112 20 713
112 20 717
112 20 718
112 20 719
121 20 740
129 20 800
193 20 850
193 20 851
195 20 930
195 20 932
191 20 990
192 30 20
192 30 22
199 30 90
199 31 90
142 30 210
142 30 212
185 30 220
185 30 221
137 30 290
134 30 340
180 30 480
180 30 481
138 30 500
138 30 504
186 30 540
186 34 540
169 30 670
169 30 675
112 30 713
112 30 717
112 30 718
112 30 719
121 30 740
129 30 800
193 30 850
193 30 851
195 30 930
195 30 932
191 30 990
192 40 20
192 40 22
199 40 90
199 41 90
142 40 210
142 40 212
185 40 220
185 40 221
137 40 290
134 40 340
180 40 480
180 40 481
138 40 500
138 40 504
186 40 540
186 44 540
169 40 670
169 40 675
112 40 713
112 40 717
112 40 718
112 40 719
121 40 740
129 40 800
193 40 850
193 40 851
195 40 930
195 40 932
191 40 990
192 50 20
192 50 22
199 50 90
199 51 90
142 50 210
142 50 212
185 50 220
185 50 221
137 50 290
134 50 340
180 50 480
180 50 481
138 50 500
138 50 504
186 50 540
186 54 540
169 50 670
169 50 675
112 50 713
112 50 717
112 50 718
112 50 719
121 50 740
129 50 800
193 50 850
193 50 851
195 50 930
195 50 932
191 50 990
192 60 20
192 60 22
199 60 90
199 61 90
142 60 210
142 60 212
185 60 220
185 60 221
137 60 290
134 60 340
180 60 480
180 60 481
138 60 500
138 60 504
186 60 540
186 64 540
169 60 670
169 60 675
112 60 713
112 60 717
112 60 718
112 60 719
121 60 740
129 60 800
193 60 850
193 60 851
195 60 930
195 60 932
191 60 990
192 70 20
192 70 22
199 70 90
199 71 90
142 70 210
142 70 212
185 70 220
185 70 221
137 70 290
134 70 340
180 70 480
180 70 481
138 70 500
138 70 504
186 70 540
186 74 540
169 70 670
169 70 675
112 70 713
112 70 717
112 70 718
112 70 719
121 70 740
129 70 800
193 70 850
193 70 851
195 70 930
195 70 932
191 70 990
192 80 20
192 80 22
199 80 90
199 81 90
142 80 210
142 80 212
185 80 220
185 80 221
137 80 290
134 80 340
180 80 480
180 80 481
138 80 500
138 80 504
186 80 540
186 84 540
169 80 670
169 80 675
112 80 713
112 80 717
112 80 718
112 80 719
121 80 740
129 80 800
193 80 850
193 80 851
195 80 930
195 80 932
191 80 990
192 90 20
192 90 22
199 90 90
199 91 90
142 90 210
142 90 212
185 90 220
185 90 221
137 90 290
134 90 340
180 90 480
180 90 481
138 90 500
138 90 504
186 90 540
186 94 540
169 90 670
169 90 675
112 90 713
112 90 717
112 90 718
112 90 719
121 90 740
129 90 800
193 90 850
193 90 851
195 90 930
195 90 932
191 90 990
192 100 20
192 100 22
199 100 90
199 101 90
142 100 210
142 100 212
185 100 220
185 100 221
137 100 290
134 100 340
180 100 480
180 100 481
138 100 500
138 100 504
186 100 540
186 104 540
169 100 670
169 100 675
112 100 713
112 100 717
112 100 718
112 100 719
121 100 740
129 100 800
193 100 850
193 100 851
195 100 930
195 100 932
191 100 990
192 110 20
192 110 22
199 110 90
199 111 90
142 110 210
142 110 212
185 110 220
185 110 221
137 110 290
134 110 340
180 110 480
180 110 481
138 110 500
138 110 504
186 110 540
186 114 540
169 110 670
169 110 675
112 110 713
112 110 717
112 110 718
112 110 719
121 110 740
129 110 800
193 110 850
193 110 851
195 110 930
195 110 932
191 110 990
192 120 20
192 120 22
199 120 90
199 121 90
142 120 210
142 120 212
185 120 220
185 120 221
137 120 290
134 120 340
180 120 480
180 120 481
138 120 500
138 120 504
186 120 540
186 124 540
169 120 670
169 120 675
112 120 713
112 120 717
112 120 718
112 120 719
121 120 740
129 120 800
193 120 850
193 120 851
195 120 930
195 120 932
191 120 990
192 130 20
192 130 22
199 130 90
199 131 90
142 130 210
142 130 212
185 130 220
185 130 221
137 130 290
134 130 340
180 130 480
180 130 481
138 130 500
138 130 504
186 130 540
186 134 540
169 130 670
169 130 675
112 130 713
112 130 717
112 130 718
112 130 719
121 130 740
129 130 800
193 130 850
193 130 851
195 130 930
195 130 932
191 130 990
192 140 20
192 140 22
199 140 90
199 141 90
142 140 210
142 140 212
185 140 220
185 140 221
137 140 290
134 140 340
180 140 480
180 140 481
138 140 500
138 140 504
186 140 540
186 144 540
169 140 670
169 140 675
112 140 713
112 140 717
112 140 718
112 140 719
121 140 740
129 140 800
193 140 850
193 140 851
195 140 930
195 140 932
191 140 990
192 150 20
192 150 22
199 150 90
199 151 90
142 150 210
142 150 212
185 150 220
185 150 221
137 150 290
134 150 340
180 150 480
180 150 481
138 150 500
138 150 504
186 150 540
186 154 540
169 150 670
169 150 675
112 150 713
112 150 717
112 150 718
112 150 719
121 150 740
129 150 800
193 150 850
193 150 851
195 150 930
195 150 932
191 150 990
192 160 20
192 160 22
199 160 90
199 161 90
142 160 210
142 160 212
185 160 220
185 160 221
137 160 290
134 160 340
180 160 480
180 160 481
138 160 500
138 160 504
186 160 540
186 164 540
169 160 670
169 160 675
112 160 713
112 160 717
112 160 718
112 160 719
121 160 740
129 160 800
193 160 850
193 160 851
195 160 930
195 160 932
191 160 990
192 170 20
192 170 22
199 170 90
199 171 90
142 170 210
142 170 212
185 170 220
185 170 221
137 170 290
134 170 340
180 170 480
180 170 481
138 170 500
138 170 504
186 170 540
186 174 540
169 170 670
169 170 675
112 170 713
112 170 717
112 170 718
112 170 719
121 170 740
129 170 800
193 170 850
193 170 851
195 170 930
195 170 932
191 170 990
192 180 20
192 180 22
199 180 90
199 181 90
142 180 210
142 180 212
185 180 220
185 180 221
137 180 290
134 180 340
180 180 480
180 180 481
138 180 500
138 180 504
186 180 540
186 184 540
169 180 670
169 180 675
112 180 713
112 180 717
112 180 718
112 180 719
121 180 740
129 180 800
193 180 850
193 180 851
195 180 930
195 180 932
191 180 990
192 190 20
192 190 22
199 190 90
199 191 90
142 190 210
142 190 212
185 190 220
185 190 221
137 190 290
134 190 340
180 190 480
180 190 481
138 190 500
138 190 504
186 190 540
186 194 540
169 190 670
169 190 675
112 190 713
112 190 717
112 190 718
112 190 719
121 190 740
129 190 800
193 190 850
193 190 851
195 190 930
195 190 932
191 190 990
192 200 20
192 200 22
199 200 90
199 201 90
142 200 210
142 200 212
185 200 220
185 200 221
137 200 290
134 200 340
180 200 480
180 200 481
138 200 500
138 200 504
186 200 540
186 204 540
169 200 670
169 200 675
112 200 713
112 200 717
112 200 718
112 200 719
121 200 740
129 200 800
193 200 850
193 200 851
195 200 930
195 200 932
191 200 990
192 210 20
192 210 22
199 210 90
199 211 90
142 210 210
142 210 212
185 210 220
185 210 221
137 210 290
134 210 340
180 210 480
180 210 481
138 210 500
138 210 504
186 210 540
186 214 540
169 210 670
169 210 675
112 210 713
112 210 717
112 210 718
112 210 719
121 210 740
129 210 800
193 210 850
193 210 851
195 210 930
195 210 932
191 210 990
192 220 20
192 220 22
199 220 90
199 221 90
142 220 210
142 220 212
185 220 220
185 220 221
137 220 290
134 220 340
180 220 480
180 220 481
138 220 500
138 220 504
186 220 540
186 224 540
169 220 670
169 220 675
112 220 713
112 220 717
112 220 718
112 220 719
121 220 740
129 220 800
193 220 850
193 220 851
195 220 930
195 220 932
191 220 990
192 230 20
192 230 22
199 230 90
199 231 90
142 230 210
142 230 212
185 230 220
185 230 221
137 230 290
134 230 340
180 230 480
180 230 481
138 230 500
138 230 504
186 230 540
186 234 540
169 230 670
169 230 675
112 230 713
112 230 717
112 230 718
112 230 719
121 230 740
129 230 800
193 230 850
193 230 851
195 230 930
195 230 932
191 230 990
192 240 20
192 240 22
199 240 90
199 241 90
142 240 210
142 240 212
185 240 220
185 240 221
137 240 290
134 240 340
180 240 480
180 240 481
138 240 500
138 240 504
186 240 540
186 244 540
169 240 670
169 240 675
112 240 713
112 240 717
112 240 718
112 240 719
121 240 740
129 240 800
193 240 850
193 240 851
195 240 930
195 240 932
191 240 990
192 250 20
192 250 22
199 250 90
199 251 90
142 250 210
142 250 212
185 250 220
185 250 221
137 250 290
134 250 340
180 250 480
180 250 481
138 250 500
138 250 504
186 250 540
186 254 540
169 250 670
169 250 675
112 250 713
112 250 717
112 250 718
112 250 719
121 250 740
129 250 800
193 250 850
193 250 851
195 250 930
195 250 932
191 250 990
192 260 20
192 260 22
199 260 90
199 261 90
142 260 210
142 260 212
185 260 220
185 260 221
137 260 290
134 260 340
180 260 480
180 260 481
138 260 500
138 260 504
186 260 540
186 264 540
169 260 670
169 260 675
112 260 713
112 260 717
112 260 718
112 260 719
121 260 740
129 260 800
193 260 850
193 260 851
195 260 930
195 260 932
191 260 990
192 270 20
192 270 22
199 270 90
199 271 90
142 270 210
142 270 212
185 270 220
185 270 221
137 270 290
134 270 340
180 270 480
180 270 481
138 270 500
138 270 504
186 270 540
186 274 540
169 270 670
169 270 675
112 270 713
112 270 717
112 270 718
112 270 719
121 270 740
129 270 800
193 270 850
193 270 851
195 270 930
195 270 932
191 270 990
192 280 20
192 280 22
199 280 90
199 281 90
142 280 210
142 280 212
185 280 220
185 280 221
137 280 290
134 280 340
180 280 480
180 280 481
138 280 500
138 280 504
186 280 540
186 284 540
169 280 670
169 280 675
112 280 713
112 280 717
112 280 718
112 280 719
121 280 740
129 280 800
193 280 850
193 280 851
195 280 930
195 280 932
191 280 990
192 290 20
192 290 22
199 290 90
199 291 90
142 290 210
142 290 212
185 290 220
185 290 221
137 290 290
134 290 340
180 290 480
180 290 481
138 290 500
138 290 504
186 290 540
186 294 540
169 290 670
169 290 675
112 290 713
112 290 717
112 290 718
112 290 719
121 290 740
129 290 800
193 290 850
193 290 851
195 290 930
195 290 932
191 290 990
192 300 20
192 300 22
199 300 90
199 301 90
142 300 210
142 300 212
185 300 220
185 300 221
137 300 290
134 300 340
180 300 480
180 300 481
138 300 500
138 300 504
186 300 540
186 304 540
169 300 670
169 300 675
112 300 713
112 300 717
112 300 718
112 300 719
121 300 740
129 300 800
193 300 850
193 300 851
195 300 930
195 300 932
191 300 990
192 310 20
192 310 22
199 310 90
199 311 90
142 310 210
142 310 212
185 310 220
185 310 221
137 310 290
134 310 340
180 310 480
180 310 481
138 310 500
138 310 504
186 310 540
186 314 540
169 310 670
169 310 675
112 310 713
112 310 717
112 310 718
112 310 719
121 310 740
129 310 800
193 310 850
193 310 851
195 310 930
195 310 932
191 310 990
192 320 20
192 320 22
199 320 90
199 321 90
142 320 210
142 320 212
185 320 220
185 320 221
137 320 290
134 320 340
180 320 480
180 320 481
138 320 500
138 320 504
186 320 540
186 324 540
169 320 670
169 320 675
112 320 713
112 320 717
112 320 718
112 320 719
121 320 740
129 320 800
193 320 850
193 320 851
195 320 930
195 320 932
191 320 990
192 330 20
192 330 22
199 330 90
199 331 90
142 330 210
142 330 212
185 330 220
185 330 221
137 330 290
134 330 340
180 330 480
180 330 481
138 330 500
138 330 504
186 330 540
186 334 540
169 330 670
169 330 675
112 330 713
112 330 717
112 330 718
112 330 719
121 330 740
129 330 800
193 330 850
193 330 851
195 330 930
195 330 932
191 330 990
192 340 20
192 340 22
199 340 90
199 341 90
142 340 210
142 340 212
185 340 220
185 340 221
137 340 290
134 340 340
180 340 480
180 340 481
138 340 500
138 340 504
186 340 540
186 344 540
169 340 670
169 340 675
112 340 713
112 340 717
112 340 718
112 340 719
121 340 740
129 340 800
193 340 850
193 340 851
195 340 930
195 340 932
191 340 990
192 350 20
192 350 22
199 350 90
199 351 90
142 350 210
142 350 212
185 350 220
185 350 221
137 350 290
134 350 340
180 350 480
180 350 481
138 350 500
138 350 504
186 350 540
186 354 540
169 350 670
169 350 675
112 350 713
112 350 717
112 350 718
112 350 719
121 350 740
129 350 800
193 350 850
193 350 851
195 350 930
195 350 932
191 350 990
192 360 20
192 360 22
199 360 90
199 361 90
142 360 210
142 360 212
185 360 220
185 360 221
137 360 290
134 360 340
180 360 480
180 360 481
138 360 500
138 360 504
186 360 540
186 364 540
169 360 670
169 360 675
112 360 713
112 360 717
112 360 718
112 360 719
121 360 740
129 360 800
193 360 850
193 360 851
195 360 930
195 360 932
191 360 990
192 370 20
192 370 22
199 370 90
199 371 90
142 370 210
142 370 212
185 370 220
185 370 221
137 370 290
134 370 340
180 370 480
180 370 481
138 370 500
138 370 504
186 370 540
186 374 540
169 370 670
169 370 675
112 370 713
112 370 717
112 370 718
112 370 719
121 370 740
129 370 800
193 370 850
193 370 851
195 370 930
195 370 932
191 370 990
192 380 20
192 380 22
199 380 90
199 381 90
142 380 210
142 380 212
185 380 220
185 380 221
137 380 290
134 380 340
180 380 480
180 380 481
138 380 500
138 380 504
186 380 540
186 384 540
169 380 670
169 380 675
112 380 713
112 380 717
112 380 718
112 380 719
121 380 740
129 380 800
193 380 850
193 380 851
195 380 930
195 380 932
191 380 990
192 390 20
192 390 22
199 390 90
199 391 90
142 390 210
142 390 212
185 390 220
185 390 221
137 390 290
134 390 340
180 390 480
180 390 481
138 390 500
138 390 504
186 390 540
186 394 540
169 390 670
169 390 675
112 390 713
112 390 717
112 390 718
112 390 719
121 390 740
129 390 800
193 390 850
193 390 851
195 390 930
195 390 932
191 390 990
192 400 20
192 400 22
199 400 90
199 401 90
142 400 210
142 400 212
185 400 220
185 400 221
137 400 290
134 400 340
180 400 480
180 400 481
138 400 500
138 400 504
186 400 540
186 404 540
169 400 670
169 400 675
112 400 713
112 400 717
112 400 718
112 400 719
121 400 740
129 400 800
193 400 850
193 400 851
195 400 930
195 400 932
191 400 990
192 410 20
192 410 22
199 410 90
199 411 90
142 410 210
142 410 212
185 410 220
185 410 221
137 410 290
134 410 340
180 410 480
180 410 481
138 410 500
138 410 504
186 410 540
186 414 540
169 410 670
169 410 675
112 410 713
112 410 717
112 410 718
112 410 719
121 410 740
129 410 800
193 410 850
193 410 851
195 410 930
195 410 932
191 410 990
192 420 20
192 420 22
199 420 90
199 421 90
142 420 210
142 420 212
185 420 220
185 420 221
137 420 290
134 420 340
180 420 480
180 420 481
138 420 500
138 420 504
186 420 540
186 424 540
169 420 670
169 420 675
112 420 713
112 420 717
112 420 718
112 420 719
121 420 740
129 420 800
193 420 850
193 420 851
195 420 930
195 420 932
191 420 990
192 430 20
192 430 22
199 430 90
199 431 90
142 430 210
142 430 212
185 430 220
185 430 221
137 430 290
134 430 340
180 430 480
180 430 481
138 430 500
138 430 504
186 430 540
186 434 540
169 430 670
169 430 675
112 430 713
112 430 717
112 430 718
112 430 719
121 430 740
129 430 800
193 430 850
193 430 851
195 430 930
195 430 932
191 430 990
192 440 20
192 440 22
199 440 90
199 441 90
142 440 210
142 440 212
185 440 220
185 440 221
137 440 290
134 440 340
180 440 480
180 440 481
138 440 500
138 440 504
186 440 540
186 444 540
169 440 670
169 440 675
112 440 713
112 440 717
112 440 718
112 440 719
121 440 740
129 440 800
193 440 850
193 440 851
195 440 930
195 440 932
191 440 990
192 450 20
192 450 22
199 450 90
199 451 90
142 450 210
142 450 212
185 450 220
185 450 221
137 450 290
134 450 340
180 450 480
180 450 481
138 450 500
138 450 504
186 450 540
186 454 540
169 450 670
169 450 675
112 450 713
112 450 717
112 450 718
112 450 719
121 450 740
129 450 800
193 450 850
193 450 851
195 450 930
195 450 932
191 450 990
192 460 20
192 460 22
199 460 90
199 461 90
142 460 210
142 460 212
185 460 220
185 460 221
137 460 290
134 460 340
180 460 480
180 460 481
138 460 500
138 460 504
186 460 540
186 464 540
169 460 670
169 460 675
112 460 713
112 460 717
112 460 718
112 460 719
121 460 740
129 460 800
193 460 850
193 460 851
195 460 930
195 460 932
191 460 990
192 470 20
192 470 22
199 470 90
199 471 90
142 470 210
142 470 212
185 470 220
185 470 221
137 470 290
134 470 340
180 470 480
180 470 481
138 470 500
138 470 504
186 470 540
186 474 540
169 470 670
169 470 675
112 470 713
112 470 717
112 470 718
112 470 719
121 470 740
129 470 800
193 470 850
193 470 851
195 470 930
195 470 932
191 470 990
192 480 20
192 480 22
199 480 90
199 481 90
142 480 210
142 480 212
185 480 220
185 480 221
137 480 290
134 480 340
180 480 480
180 480 481
138 480 500
138 480 504
186 480 540
186 484 540
169 480 670
169 480 675
112 480 713
112 480 717
112 480 718
112 480 719
121 480 740
129 480 800
193 480 850
193 480 851
195 480 930
195 480 932
191 480 990
192 490 20
192 490 22
199 490 90
199 491 90
142 490 210
142 490 212
185 490 220
185 490 221
137 490 290
134 490 340
180 490 480
180 490 481
138 490 500
138 490 504
186 490 540
186 494 540
169 490 670
169 490 675
112 490 713
112 490 717
112 490 718
112 490 719
121 490 740
129 490 800
193 490 850
193 490 851
195 490 930
195 490 932
191 490 990
192 500 20
192 500 22
199 500 90
199 501 90
142 500 210
142 500 212
185 500 220
185 500 221
137 500 290
134 500 340
180 500 480
180 500 481
138 500 500
138 500 504
186 500 540
186 504 540
169 500 670
169 500 675
112 500 713
112 500 717
112 500 718
112 500 719
121 500 740
129 500 800
193 500 850
193 500 851
195 500 930
195 500 932
191 500 990
192 510 20
192 510 22
199 510 90
199 511 90
142 510 210
142 510 212
185 510 220
185 510 221
137 510 290
134 510 340
180 510 480
180 510 481
138 510 500
138 510 504
186 510 540
186 514 540
169 510 670
169 510 675
112 510 713
112 510 717
112 510 718
112 510 719
121 510 740
129 510 800
193 510 850
193 510 851
195 510 930
195 510 932
191 510 990
192 520 20
192 520 22
199 520 90
199 521 90
142 520 210
142 520 212
185 520 220
185 520 221
137 520 290
134 520 340
180 520 480
180 520 481
138 520 500
138 520 504
186 520 540
186 524 540
169 520 670
169 520 675
112 520 713
112 520 717
112 520 718
112 520 719
121 520 740
129 520 800
193 520 850
193 520 851
195 520 930
195 520 932
191 520 990
192 530 20
192 530 22
199 530 90
199 531 90
142 530 210
142 530 212
185 530 220
185 530 221
137 530 290
134 530 340
180 530 480
180 530 481
138 530 500
138 530 504
186 530 540
186 534 540
169 530 670
169 530 675
112 530 713
112 530 717
112 530 718
112 530 719
121 530 740
129 530 800
193 530 850
193 530 851
195 530 930
195 530 932
191 530 990
192 540 20
192 540 22
199 540 90
199 541 90
142 540 210
142 540 212
185 540 220
185 540 221
137 540 290
134 540 340
180 540 480
180 540 481
138 540 500
138 540 504
186 540 540
186 544 540
169 540 670
169 540 675
112 540 713
112 540 717
112 540 718
112 540 719
121 540 740
129 540 800
193 540 850
193 540 851
195 540 930
195 540 932
191 540 990
192 550 20
192 550 22
199 550 90
199 551 90
142 550 210
142 550 212
185 550 220
185 550 221
137 550 290
134 550 340
180 550 480
180 550 481
138 550 500
138 550 504
186 550 540
186 554 540
169 550 670
169 550 675
112 550 713
112 550 717
112 550 718
112 550 719
121 550 740
129 550 800
193 550 850
193 550 851
195 550 930
195 550 932
191 550 990
192 560 20
192 560 22
199 560 90
199 561 90
142 560 210
142 560 212
185 560 220
185 560 221
137 560 290
134 560 340
180 560 480
180 560 481
138 560 500
138 560 504
186 560 540
186 564 540
169 560 670
169 560 675
112 560 713
112 560 717
112 560 718
112 560 719
121 560 740
129 560 800
193 560 850
193 560 851
195 560 930
195 560 932
191 560 990
192 570 20
192 570 22
199 570 90
199 571 90
142 570 210
142 570 212
185 570 220
185 570 221
137 570 290
134 570 340
180 570 480
180 570 481
138 570 500
138 570 504
186 570 540
186 574 540
169 570 670
169 570 675
112 570 713
112 570 717
112 570 718
112 570 719
121 570 740
129 570 800
193 570 850
193 570 851
195 570 930
195 570 932
191 570 990
192 580 20
192 580 22
199 580 90
199 581 90
142 580 210
142 580 212
185 580 220
185 580 221
137 580 290
134 580 340
180 580 480
180 580 481
138 580 500
138 580 504
186 580 540
186 584 540
169 580 670
169 580 675
112 580 713
112 580 717
112 580 718
112 580 719
121 580 740
129 580 800
193 580 850
193 580 851
195 580 930
195 580 932
191 580 990
192 590 20
192 590 22
199 590 90
199 591 90
142 590 210
142 590 212
185 590 220
185 590 221
137 590 290
134 590 340
180 590 480
180 590 481
138 590 500
138 590 504
186 590 540
186 594 540
169 590 670
169 590 675
112 590 713
112 590 717
112 590 718
112 590 719
121 590 740
129 590 800
193 590 850
193 590 851
195 590 930
195 590 932
191 590 990
192 600 20
192 600 22
199 600 90
199 601 90
142 600 210
142 600 212
185 600 220
185 600 221
137 600 290
134 600 340
180 600 480
180 600 481
138 600 500
138 600 504
186 600 540
186 604 540
169 600 670
169 600 675
112 600 713
112 600 717
112 600 718
112 600 719
121 600 740
129 600 800
193 600 850
193 600 851
195 600 930
195 600 932
191 600 990
192 610 20
192 610 22
199 610 90
199 611 90
142 610 210
142 610 212
185 610 220
185 610 221
137 610 290
134 610 340
180 610 480
180 610 481
138 610 500
138 610 504
186 610 540
186 614 540
169 610 670
169 610 675
112 610 713
112 610 717
112 610 718
112 610 719
121 610 740
129 610 800
193 610 850
193 610 851
195 610 930
195 610 932
191 610 990
192 620 20
192 620 22
199 620 90
199 621 90
142 620 210
142 620 212
185 620 220
185 620 221
137 620 290
134 620 340
180 620 480
180 620 481
138 620 500
138 620 504
186 620 540
186 624 540
169 620 670
169 620 675
112 620 713
112 620 717
112 620 718
112 620 719
121 620 740
129 620 800
193 620 850
193 620 851
195 620 930
195 620 932
191 620 990
192 630 20
192 630 22
199 630 90
199 631 90
142 630 210
142 630 212
185 630 220
185 630 221
137 630 290
134 630 340
180 630 480
180 630 481
138 630 500
138 630 504
186 630 540
186 634 540
169 630 670
169 630 675
112 630 713
112 630 717
112 630 718
112 630 719
121 630 740
129 630 800
193 630 850
193 630 851
195 630 930
195 630 932
191 630 990
192 640 20
192 640 22
199 640 90
199 641 90
142 640 210
142 640 212
185 640 220
185 640 221
137 640 290
134 640 340
180 640 480
180 640 481
138 640 500
138 640 504
186 640 540
186 644 540
169 640 670
169 640 675
112 640 713
112 640 717
112 640 718
112 640 719
121 640 740
129 640 800
193 640 850
193 640 851
195 640 930
195 640 932
191 640 990
192 650 20
192 650 22
199 650 90
199 651 90
142 650 210
142 650 212
185 650 220
185 650 221
137 650 290
134 650 340
180 650 480
180 650 481
138 650 500
138 650 504
186 650 540
186 654 540
169 650 670
169 650 675
112 650 713
112 650 717
112 650 718
112 650 719
121 650 740
129 650 800
193 650 850
193 650 851
195 650 930
195 650 932
191 650 990
192 660 20
192 660 22
199 660 90
199 661 90
142 660 210
142 660 212
185 660 220
185 660 221
137 660 290
134 660 340
180 660 480
180 660 481
138 660 500
138 660 504
186 660 540
186 664 540
169 660 670
169 660 675
112 660 713
112 660 717
112 660 718
112 660 719
121 660 740
129 660 800
193 660 850
193 660 851
195 660 930
195 660 932
191 660 990
192 670 20
192 670 22
199 670 90
199 671 90
142 670 210
142 670 212
185 670 220
185 670 221
137 670 290
134 670 340
180 670 480
180 670 481
138 670 500
138 670 504
186 670 540
186 674 540
169 670 670
169 670 675
112 670 713
112 670 717
112 670 718
112 670 719
121 670 740
129 670 800
193 670 850
193 670 851
195 670 930
195 670 932
191 670 990
192 680 20
192 680 22
199 680 90
199 681 90
142 680 210
142 680 212
185 680 220
185 680 221
137 680 290
134 680 340
180 680 480
180 680 481
138 680 500
138 680 504
186 680 540
186 684 540
169 680 670
169 680 675
112 680 713
112 680 717
112 680 718
112 680 719
121 680 740
129 680 800
193 680 850
193 680 851
195 680 930
195 680 932
191 680 990
192 690 20
192 690 22
199 690 90
199 691 90
142 690 210
142 690 212
185 690 220
185 690 221
137 690 290
134 690 340
180 690 480
180 690 481
138 690 500
138 690 504
186 690 540
186 694 540
169 690 670
169 690 675
112 690 713
112 690 717
112 690 718
112 690 719
121 690 740
129 690 800
193 690 850
193 690 851
195 690 930
195 690 932
191 690 990
192 700 20
192 700 22
199 700 90
199 701 90
142 700 210
142 700 212
185 700 220
185 700 221
137 700 290
134 700 340
180 700 480
180 700 481
138 700 500
138 700 504
186 700 540
186 704 540
169 700 670
169 700 675
112 700 713
112 700 717
112 700 718
112 700 719
121 700 740
129 700 800
193 700 850
193 700 851
195 700 930
195 700 932
191 700 990
192 710 20
192 710 22
199 710 90
199 711 90
142 710 210
142 710 212
185 710 220
185 710 221
137 710 290
134 710 340
180 710 480
180 710 481
138 710 500
138 710 504
186 710 540
186 714 540
169 710 670
169 710 675
112 710 713
112 710 717
112 710 718
112 710 719
121 710 740
129 710 800
193 710 850
193 710 851
195 710 930
195 710 932
191 710 990
192 720 20
192 720 22
199 720 90
199 721 90
142 720 210
142 720 212
185 720 220
185 720 221
137 720 290
134 720 340
180 720 480
180 720 481
138 720 500
138 720 504
186 720 540
186 724 540
169 720 670
169 720 675
112 720 713
112 720 717
112 720 718
112 720 719
121 720 740
129 720 800
193 720 850
193 720 851
195 720 930
195 720 932
191 720 990
192 730 20
192 730 22
199 730 90
199 731 90
142 730 210
142 730 212
185 730 220
185 730 221
137 730 290
134 730 340
180 730 480
180 730 481
138 730 500
138 730 504
186 730 540
186 734 540
169 730 670
169 730 675
112 730 713
112 730 717
112 730 718
112 730 719
121 730 740
129 730 800
193 730 850
193 730 851
195 730 930
195 730 932
191 730 990
192 740 20
192 740 22
199 740 90
199 741 90
142 740 210
142 740 212
185 740 220
185 740 221
137 740 290
134 740 340
180 740 480
180 740 481
138 740 500
138 740 504
186 740 540
186 744 540
169 740 670
169 740 675
112 740 713
112 740 717
112 740 718
112 740 719
121 740 740
129 740 800
193 740 850
193 740 851
195 740 930
195 740 932
191 740 990
192 750 20
192 750 22
199 750 90
199 751 90
142 750 210
142 750 212
185 750 220
185 750 221
137 750 290
134 750 340
180 750 480
180 750 481
138 750 500
138 750 504
186 750 540
186 754 540
169 750 670
169 750 675
112 750 713
112 750 717
112 750 718
112 750 719
121 750 740
129 750 800
193 750 850
193 750 851
195 750 930
195 750 932
191 750 990
192 760 20
192 760 22
199 760 90
199 761 90
142 760 210
142 760 212
185 760 220
185 760 221
137 760 290
134 760 340
180 760 480
180 760 481
138 760 500
138 760 504
186 760 540
186 764 540
169 760 670
169 760 675
112 760 713
112 760 717
112 760 718
112 760 719
121 760 740
129 760 800
193 760 850
193 760 851
195 760 930
195 760 932
191 760 990
192 770 20
192 770 22
199 770 90
199 771 90
142 770 210
142 770 212
185 770 220
185 770 221
137 770 290
134 770 340
180 770 480
180 770 481
138 770 500
138 770 504
186 770 540
186 774 540
169 770 670
169 770 675
112 770 713
112 770 717
112 770 718
112 770 719
121 770 740
129 770 800
193 770 850
193 770 851
195 770 930
195 770 932
191 770 990
192 780 20
192 780 22
199 780 90
199 781 90
142 780 210
142 780 212
185 780 220
185 780 221
137 780 290
134 780 340
180 780 480
180 780 481
138 780 500
138 780 504
186 780 540
186 784 540
169 780 670
169 780 675
112 780 713
112 780 717
112 780 718
112 780 719
121 780 740
129 780 800
193 780 850
193 780 851
195 780 930
195 780 932
191 780 990
192 790 20
192 790 22
199 790 90
199 791 90
142 790 210
142 790 212
185 790 220
185 790 221
137 790 290
134 790 340
180 790 480
180 790 481
138 790 500
138 790 504
186 790 540
186 794 540
169 790 670
169 790 675
112 790 713
112 790 717
112 790 718
112 790 719
121 790 740
129 790 800
193 790 850
193 790 851
195 790 930
195 790 932
191 790 990
192 800 20
192 800 22
199 800 90
199 801 90
142 800 210
142 800 212
185 800 220
185 800 221
137 800 290
134 800 340
180 800 480
180 800 481
138 800 500
138 800 504
186 800 540
186 804 540
169 800 670
169 800 675
112 800 713
112 800 717
112 800 718
112 800 719
121 800 740
129 800 800
193 800 850
193 800 851
195 800 930
195 800 932
191 800 990
192 810 20
192 810 22
199 810 90
199 811 90
142 810 210
142 810 212
185 810 220
185 810 221
137 810 290
134 810 340
180 810 480
180 810 481
138 810 500
138 810 504
186 810 540
186 814 540
169 810 670
169 810 675
112 810 713
112 810 717
112 810 718
112 810 719
121 810 740
129 810 800
193 810 850
193 810 851
195 810 930
195 810 932
191 810 990
192 820 20
192 820 22
199 820 90
199 821 90
142 820 210
142 820 212
185 820 220
185 820 221
137 820 290
134 820 340
180 820 480
180 820 481
138 820 500
138 820 504
186 820 540
186 824 540
169 820 670
169 820 675
112 820 713
112 820 717
112 820 718
112 820 719
121 820 740
129 820 800
193 820 850
193 820 851
195 820 930
195 820 932
191 820 990
192 830 20
192 830 22
199 830 90
199 831 90
142 830 210
142 830 212
185 830 220
185 830 221
137 830 290
134 830 340
180 830 480
180 830 481
138 830 500
138 830 504
186 830 540
186 834 540
169 830 670
169 830 675
112 830 713
112 830 717
112 830 718
112 830 719
121 830 740
129 830 800
193 830 850
193 830 851
195 830 930
195 830 932
191 830 990
192 840 20
192 840 22
199 840 90
199 841 90
142 840 210
142 840 212
185 840 220
185 840 221
137 840 290
134 840 340
180 840 480
180 840 481
138 840 500
138 840 504
186 840 540
186 844 540
169 840 670
169 840 675
112 840 713
112 840 717
112 840 718
112 840 719
121 840 740
129 840 800
193 840 850
193 840 851
195 840 930
195 840 932
191 840 990
192 850 20
192 850 22
199 850 90
199 851 90
142 850 210
142 850 212
185 850 220
185 850 221
137 850 290
134 850 340
180 850 480
180 850 481
138 850 500
138 850 504
186 850 540
186 854 540
169 850 670
169 850 675
112 850 713
112 850 717
112 850 718
112 850 719
121 850 740
129 850 800
193 850 850
193 850 851
195 850 930
195 850 932
191 850 990
192 860 20
192 860 22
199 860 90
199 861 90
142 860 210
142 860 212
185 860 220
185 860 221
137 860 290
134 860 340
180 860 480
180 860 481
138 860 500
138 860 504
186 860 540
186 864 540
169 860 670
169 860 675
112 860 713
112 860 717
112 860 718
112 860 719
121 860 740
129 860 800
193 860 850
193 860 851
195 860 930
195 860 932
191 860 990
192 870 20
192 870 22
199 870 90
199 871 90
142 870 210
142 870 212
185 870 220
185 870 221
137 870 290
134 870 340
180 870 480
180 870 481
138 870 500
138 870 504
186 870 540
186 874 540
169 870 670
169 870 675
112 870 713
112 870 717
112 870 718
112 870 719
121 870 740
129 870 800
193 870 850
193 870 851
195 870 930
195 870 932
191 870 990
192 880 20
192 880 22
199 880 90
199 881 90
142 880 210
142 880 212
185 880 220
185 880 221
137 880 290
134 880 340
180 880 480
180 880 481
138 880 500
138 880 504
186 880 540
186 884 540
169 880 670
169 880 675
112 880 713
112 880 717
112 880 718
112 880 719
121 880 740
129 880 800
193 880 850
193 880 851
195 880 930
195 880 932
191 880 990
192 890 20
192 890 22
199 890 90
199 891 90
142 890 210
142 890 212
185 890 220
185 890 221
137 890 290
134 890 340
180 890 480
180 890 481
138 890 500
138 890 504
186 890 540
186 894 540
169 890 670
169 890 675
112 890 713
112 890 717
112 890 718
112 890 719
121 890 740
129 890 800
193 890 850
193 890 851
195 890 930
195 890 932
191 890 990
192 900 20
192 900 22
199 900 90
199 901 90
142 900 210
142 900 212
185 900 220
185 900 221
137 900 290
134 900 340
180 900 480
180 900 481
138 900 500
138 900 504
186 900 540
186 904 540
169 900 670
169 900 675
112 900 713
112 900 717
112 900 718
112 900 719
121 900 740
129 900 800
193 900 850
193 900 851
195 900 930
195 900 932
191 900 990
192 910 20
192 910 22
199 910 90
199 911 90
142 910 210
142 910 212
185 910 220
185 910 221
137 910 290
134 910 340
180 910 480
180 910 481
138 910 500
138 910 504
186 910 540
186 914 540
169 910 670
169 910 675
112 910 713
112 910 717
112 910 718
112 910 719
121 910 740
129 910 800
193 910 850
193 910 851
195 910 930
195 910 932
191 910 990
192 920 20
192 920 22
199 920 90
199 921 90
142 920 210
142 920 212
185 920 220
185 920 221
137 920 290
134 920 340
180 920 480
180 920 481
138 920 500
138 920 504
186 920 540
186 924 540
169 920 670
169 920 675
112 920 713
112 920 717
112 920 718
112 920 719
121 920 740
129 920 800
193 920 850
193 920 851
195 920 930
195 920 932
191 920 990
192 930 20
192 930 22
199 930 90
199 931 90
142 930 210
142 930 212
185 930 220
185 930 221
137 930 290
134 930 340
180 930 480
180 930 481
138 930 500
138 930 504
186 930 540
186 934 540
169 930 670
169 930 675
112 930 713
112 930 717
112 930 718
112 930 719
121 930 740
129 930 800
193 930 850
193 930 851
195 930 930
195 930 932
191 930 990
192 940 20
192 940 22
199 940 90
199 941 90
142 940 210
142 940 212
185 940 220
185 940 221
137 940 290
134 940 340
180 940 480
180 940 481
138 940 500
138 940 504
186 940 540
186 944 540
169 940 670
169 940 675
112 940 713
112 940 717
112 940 718
112 940 719
121 940 740
129 940 800
193 940 850
193 940 851
195 940 930
195 940 932
191 940 990
192 950 20
192 950 22
199 950 90
199 951 90
142 950 210
142 950 212
185 950 220
185 950 221
137 950 290
134 950 340
180 950 480
180 950 481
138 950 500
138 950 504
186 950 540
186 954 540
169 950 670
169 950 675
112 950 713
112 950 717
112 950 718
112 950 719
121 950 740
129 950 800
193 950 850
193 950 851
195 950 930
195 950 932
191 950 990
192 960 20
192 960 22
199 960 90
199 961 90
142 960 210
142 960 212
185 960 220
185 960 221
137 960 290
134 960 340
180 960 480
180 960 481
138 960 500
138 960 504
186 960 540
186 964 540
169 960 670
169 960 675
112 960 713
112 960 717
112 960 718
112 960 719
121 960 740
129 960 800
193 960 850
193 960 851
195 960 930
195 960 932
191 960 990
192 970 20
192 970 22
199 970 90
199 971 90
142 970 210
142 970 212
185 970 220
185 970 221
137 970 290
134 970 340
180 970 480
180 970 481
138 970 500
138 970 504
186 970 540
186 974 540
169 970 670
169 970 675
112 970 713
112 970 717
112 970 718
112 970 719
121 970 740
129 970 800
193 970 850
193 970 851
195 970 930
195 970 932
191 970 990
192 980 20
192 980 22
199 980 90
199 981 90
142 980 210
142 980 212
185 980 220
185 980 221
137 980 290
134 980 340
180 980 480
180 980 481
138 980 500
138 980 504
186 980 540
186 984 540
169 980 670
169 980 675
112 980 713
112 980 717
112 980 718
112 980 719
121 980 740
129 980 800
193 980 850
193 980 851
195 980 930
195 980 932
191 980 990
192 990 20
192 990 22
199 990 90
199 991 90
142 990 210
142 990 212
185 990 220
185 990 221
137 990 290
134 990 340
180 990 480
180 990 481
138 990 500
138 990 504
186 990 540
186 994 540
169 990 670
169 990 675
112 990 713
112 990 717
112 990 718
112 990 719
121 990 740
129 990 800
193 990 850
193 990 851
195 990 930
195 990 932
191 990 990
